examples/diamond/env_rnd.grd
ncols         25
nrows         25
xllcorner     0.0
yllcorner     0.0
cellsize      50.0

    -7.552   -6.558   -18.11    1.417    10.11     -0.9614   -8.428    14.67  -0.2497    5.941      -2.917    7.148   -6.965   -4.784   0.1171      -16.72    18.73   -14.91   -2.072    6.175       9.389   -2.217    -12.0   -1.268    19.19
    -3.448    8.251    3.467    19.05   -5.155     -0.5554    12.35   -1.224    17.99    8.957      -8.721    11.72    15.04    -3.62   -1.826       16.06    14.23     4.09   -12.15    11.78      -3.761    -3.26   -11.97   -5.168   -10.49
    -18.95   -1.544    19.45    5.788    3.834       17.39    6.095   0.8106    9.097   -2.825      -17.24   -6.579   -2.149    6.418     9.51       7.208   -14.19   -14.91    -14.8    3.539       18.91   -11.27   -9.392    -3.33   -6.606
    -5.523    5.843  -0.4573   -14.07    10.36      -19.98   -1.288    7.127   -14.32   -1.413      -3.346   -19.11   -18.75    4.786   -12.57      0.1646   -4.046    -14.9    12.55   -19.66       18.64   -9.398    14.44   -16.53     11.0
    -8.849    19.58    9.885   -2.735  -0.4631      -5.929    14.22    19.07    2.735    2.618       17.95     7.71    14.06   -18.78  -0.04374       14.32   -4.387    6.874   -1.351   -1.786      -17.17    10.66   -7.207   -8.773    10.25

     4.156    15.66    4.869   -15.55   -13.94       15.25     6.57   -6.007    2.012    13.65     -0.2339    18.32    19.37    17.04    7.351       17.82   -15.44  -0.3962   -18.23    2.674      -8.563    3.168    8.059   -10.09   -13.02
     19.73    2.984   0.9607    13.14   -11.19       9.093    1.435   -12.47    10.84    -10.9      -1.829   -2.762    4.994   -8.487    7.731     -0.1129   -11.23    10.43     2.17    9.069      -6.621    10.98   -7.343   -3.047   -12.36
     13.62    18.41   -11.68   -10.89   -7.355      -1.886   -3.478   -2.029    2.304   -7.477       9.625    4.537   -11.21   -5.714    16.85      -14.28   -2.516    3.218    4.776    17.63      -15.65    1.441    8.491    7.275     12.8
    -18.68  -0.1082    3.394    8.746    8.331       1.928   -3.239   -6.882    16.25   -1.286      -3.907   -4.232    9.961    6.725    8.795       19.14   -16.16   -8.434  -0.7411    2.239       11.91   0.9077   -18.02    9.803  0.002742
     6.785    1.331    5.917    3.658    2.777       6.003    -16.3    1.448    4.307    7.877     -0.5177    18.91   -17.42   -19.77   -12.16      -1.901    12.22   -16.24   -15.63    18.76      -8.506    -8.21   -17.84   -8.124   -7.914

      4.16    9.668   -16.11    15.16    3.706      -11.29    15.11    8.068    8.714   -17.03       15.05   -15.83    19.97   -11.15   -4.025      -15.06   -4.541    3.753   -18.59    5.469        2.94   -18.54    10.23   -10.89    15.73
    -18.59   -13.81    18.26    6.733    11.26      -13.86   -4.343   -19.04   -11.13   -13.42       5.733   -11.69   -1.391   0.6796    5.699       -2.74    12.81  -0.8099    14.06    12.73       -10.1    2.713    3.579    11.64    5.671
    -9.441   0.9513    11.42   -19.71   -4.911      -13.14    16.72    4.105   -3.894    6.681       6.655    9.821    10.96   -1.024   -4.099       19.18    5.525    6.973   -17.27  -0.8235         6.2    8.838    10.24     9.47    11.88
     3.917    7.009   -1.756   -1.539    14.51      -3.847    15.27  -0.8948     16.7   -8.647      -7.829   -7.581   -5.764   -5.493     0.23       -7.68  -0.9714   -17.18  -0.4257    -16.6       -2.79  -0.5448    5.507    2.043  -0.5255
      3.44   -10.68   -1.888    17.12   -17.89      -1.092     3.34   -10.68    10.96    -15.7       17.91    17.35   -6.184   -13.51  -0.6904       17.62   -15.72   -2.347    8.712    1.893       12.04    -6.68    2.837    10.65   -12.47

     4.866    6.981    15.87    7.335   -11.56      -3.056    3.209    13.15   -1.811   -11.32     -0.007718    11.07    12.64   -4.677   -17.58      -3.366    10.25    5.924    16.55    10.89      -6.261    -5.02    12.87    3.669    4.289
      16.9    12.28   -14.64   0.9468   -11.57      0.8573    9.489    11.47   -18.84   -7.656      -18.78    -9.83    10.28    8.177    18.69      -16.83   -15.66    2.445    15.49   -3.648      -11.06    19.27   -9.396   -13.13     3.43
    -10.65   -1.849    5.088   -15.69     17.9       18.89   -6.892   -16.43   -7.669   -4.519       13.22   -11.07    19.14    2.305   -8.077       18.76   -8.881   -4.684    9.389    4.619       13.42    -15.8    12.19    6.502    16.06
     7.942    7.684    5.916     6.85   -5.486       12.44   -6.486    16.36   -6.208   -11.82      -6.368   -17.53    13.09   -11.08    -4.68      -19.53    12.87   -19.68    4.692     7.43        -1.8    -15.4   -3.353    11.26    18.06
    -17.57      9.0    7.838    3.364   -5.916       12.75   -14.81   -7.952   -16.28   -10.33      -14.38    17.79   -16.82  -0.4426   -7.077        11.1   -13.46    17.08    19.88   -19.83       6.886    15.98    16.28    1.537    2.811

     -13.2    12.06    16.05    4.245    4.778      -9.331   -16.06    4.168   -7.463    11.93       15.07   0.4223   -19.26    15.92   -3.727      -7.753    14.66    7.109   -6.872   -11.63      -17.14     17.4    9.589   -6.229    4.386
     9.233   -15.31   -8.786    18.13    1.864       2.392   0.6604    4.979   -7.879    10.09       3.672    13.54    6.169   -4.098    16.21        10.6    5.895   -16.84    15.76    -13.5       15.89   -13.59     2.92   -7.174    3.474
     2.056   -17.79    6.854   -1.374    19.78       3.109   -19.11   -15.97   -4.834   -9.683      -4.138    4.491    8.002    7.208     2.97       10.35    5.508     18.1      7.2   -1.299       10.15    12.31  -0.7569    10.91   -1.557
    -11.55   -18.19   -17.93    14.19  -0.3882       17.81    8.556   -11.66    16.33   -8.615      -11.11    1.714  -0.7955   -1.807  -0.9888       16.81   -18.33   -12.41   -2.278    1.246     -0.09932    13.58   -5.792     3.89   -3.277
     15.41   -13.72   -18.53    2.736   -9.722       16.44    4.186    17.17   -12.89    11.45       4.144    15.21   -16.91    11.78   -5.463       9.853    3.868   -3.125    12.54   0.6907       -7.44   -15.15    -1.45   -11.99    10.72
