examples/diamond/env_rnd.grd
ncols         25
nrows         25
xllcorner     0.0
yllcorner     0.0
cellsize      50.0

      9.642      3.49     8.685     15.49     10.82        10.81     8.935     14.11    0.8355     14.63        14.33      11.1     11.14     13.79     13.51        10.45     5.501     19.63     11.06     8.087        8.469      7.22     8.725     2.693     4.112
       11.7     8.979     9.172     14.76     8.626        16.34     1.802     9.192     8.008     10.52        16.85     12.95      9.58     8.799     6.826        11.99     7.552     8.987     14.73     10.58        5.699     8.492     10.17     13.43     2.433
      11.73     6.026    -3.347     6.444      10.7        9.793     18.01      7.64      5.68     11.64        6.209     10.26     10.39     10.16     1.308        8.274     4.742     6.945     13.81     8.729        11.78     11.77      7.81     14.91     12.11
      11.47     17.24     6.733     3.611     6.395        7.913     13.67     9.682     6.384     10.37        13.25     6.502     7.037     14.81     9.035        10.44     12.18     8.202     13.04     8.014        6.733     5.736      5.73     15.59      10.9
      9.774     4.629     12.49     8.271      9.95        6.348    0.3725      5.53     11.07     9.824       -2.092     10.97     13.34     5.805       6.6        10.52     4.156      9.08     12.52      3.03        10.25     5.087     2.185     5.786     6.521

      10.22     4.661     3.956    0.6059     13.49         11.9     3.597     3.803     2.792     11.77        10.12     11.77     12.95     8.083     12.98         6.29     16.75     7.372     11.37     11.09        5.436     13.16     8.857     17.12      7.76
      9.688     17.28     10.71     7.182     12.84        6.454     11.72      10.6      7.74     10.94        14.25     1.566     16.49     5.426     11.52        13.36      11.7     13.05     13.86      12.7        14.54     8.425     15.81      10.2     7.683
      7.974     5.513     10.42     15.66     10.21         11.3     9.962     15.97     4.568     12.09        7.518     10.95      9.34     16.41     8.388        3.973     21.73     7.193     12.81     3.339        20.19     6.573     8.618      9.65     10.76
      7.603     13.72     8.576     10.34     5.725         5.36     13.78     8.888     19.77     5.683        17.26     11.49     10.94     11.42      12.6        10.66     17.92     1.119     11.18     11.52        12.78     9.323     10.23     10.11     13.94
      7.471     8.234     6.596      17.8     4.706        15.44     8.456     17.48      9.47      10.4        15.23     6.486     7.552     15.81     6.526        19.31     17.18     11.37     9.882     17.69        9.627     8.875     6.381      14.7     10.83

      5.605     12.33     6.687     11.92     7.086        21.84     16.33     4.789     10.59     9.789        10.91     3.678     9.285     6.018     8.806         14.5     7.812     15.87     6.904     9.507        7.526     15.52     21.33     7.933      5.23
      8.201     13.58     7.798     15.53     12.82        13.03      15.2     8.245     4.395      10.9        5.017     5.522     5.746     9.179     14.89        15.87     12.84     15.19     13.59     8.341        13.85     8.799     13.06     12.96     7.273
      5.494     14.71     14.35     3.612     8.026        12.13     13.67     10.81     2.087     4.125        6.957     7.989     5.851     12.04     15.78        9.704     10.92     4.833     2.697     8.113        9.903     14.58     19.95     11.02     14.31
      12.05     11.02     12.16     12.02     7.042        10.26     6.218     13.38     21.52     9.111         6.35     1.288     7.549     4.649     12.54        10.53     11.63      12.6     7.225     11.03        12.94      15.1     6.985     11.16      12.1
      11.85     5.888     14.05     12.22     12.05        14.23     10.41     13.23     8.919     7.995        15.62     14.34     14.88     10.64     6.117         12.4     11.56      8.94     9.837      10.7        8.569     10.45     12.49     9.929     17.52

      12.54     13.96     10.95     6.185     6.339        5.285     8.368     8.901      15.2      12.2        8.982      4.15     6.841     11.57      11.1        13.43     6.799     9.317     10.11     12.81       0.2917     6.217     11.53     13.74      12.5
      4.711     7.371     13.03     9.802     3.727        8.823     8.676     7.447     7.247     7.407        8.683     9.715     9.062     2.853       8.4        8.425     10.75     10.09     8.839     13.49         14.0     13.77     15.98     11.12     3.971
       6.92      10.3     10.45     13.26      11.3        9.617     6.066     10.82     6.562     11.49        16.39     12.42     8.462     11.53     7.733        17.46     6.908     15.67     13.47     10.38        7.797     7.998     13.51      8.33      16.1
      6.482     8.803      6.59     5.212     7.683        3.694     10.52      6.09     10.59     10.68       0.3906     10.28     5.418     9.252     16.21        9.053     13.41     7.234     12.68     9.393        9.204     8.245     10.94      16.3     9.375
      11.15     7.178     12.58     12.91     5.498        9.781     3.051     4.968     14.33      7.99        4.785     7.359     11.01     16.68     6.872        7.325     12.95     9.048     6.348      14.8        4.007     10.76     10.96     14.36     19.24

      6.712     10.69    0.2736     6.764     10.34        14.29     12.36     21.04     14.12     15.69        9.918     8.015     8.162     8.153     8.007        7.446     8.376     14.57     13.97     7.404        13.25     9.943     6.333     4.741     3.572
      14.31     10.08     2.518     17.95     7.114        11.74     12.17     8.042     11.26      7.53        17.08     18.74     14.64      10.4     8.185        5.359     13.07     6.506      10.2     6.706        5.077     9.502     9.687     13.89     4.743
      10.87     13.13     9.407     7.699     7.682        16.83     5.146     6.482     4.495     7.984        12.98     10.46      15.9     11.41     12.06         10.9     9.268     8.533      11.5     3.216        6.828     9.512     6.566     12.49       5.5
      9.207     11.86     3.141     10.63     9.534        17.11     14.53     11.96     8.036     10.74         5.73     6.197     5.712     5.812     10.48         9.54     10.66     10.58     9.138     3.549        17.44     9.701     7.053     11.31     3.154
      13.97     11.28     14.08     10.15     5.001        9.302     13.57     13.51     4.826     10.39        17.17      12.6     11.93     6.552     16.61        4.097     17.44     7.547     9.578      6.85        12.32     4.947     3.264     10.57     4.344
