gingkocc/tests/data/dummy1/grids/cc_0-50.grd
ncols           100
nrows           100
xllcorner       0.0
yllcorner       0.0
cellsize        1.0
[rows 42 to 83 of 100, columns 0 to 93 of 100]
026 038 012 035 013 024 011 031 022 012 020 015 029 027 007 019 011 048 007 010 026 031 019 049 014 022 030 007 042 044 038 040 037 042 004 021 034 025 026 041 044 011 021 021 002 010 040 050 016 001 002 035 038 045 050 000 016 000 020 022 025 044 015 047 029 005 031 031 034 027 034 014 012 012 027 045 044 027 003 000 049 013 049 028 036 020 043 047 033 012 039 048 049 009
019 000 023 044 049 010 035 048 050 048 003 017 022 001 018 011 011 028 010 045 014 002 024 036 016 008 006 036 028 017 014 031 036 011 008 030 027 001 005 034 009 018 010 018 006 007 009 003 018 042 011 039 014 027 031 036 029 005 021 046 024 037 029 008 047 016 017 013 049 008 022 000 005 031 041 013 010 000 014 036 010 026 038 036 023 002 022 045 039 008 046 007 008 033
018 039 040 031 018 008 003 001 000 026 004 050 007 017 021 012 008 037 029 045 012 009 026 032 023 000 046 022 031 003 010 029 035 007 045 047 047 048 038 034 044 038 018 018 036 027 044 026 027 036 024 049 049 035 016 026 029 033 033 037 021 036 020 040 020 016 015 016 042 007 037 017 017 027 040 015 025 015 024 032 040 033 030 037 022 025 003 047 016 040 001 048 024 041
008 010 033 008 008 045 046 046 008 001 049 040 019 037 021 022 049 031 047 029 006 032 009 037 007 028 033 038 007 017 039 031 031 017 012 016 021 035 046 024 016 013 043 017 011 010 015 010 043 042 020 040 000 001 050 038 032 025 013 025 016 003 038 011 032 037 047 026 024 049 014 008 013 000 044 049 008 036 026 037 042 034 037 048 007 010 018 007 043 041 013 033 043 018
042 020 037 003 016 005 014 041 001 027 047 025 033 019 028 003 034 013 043 000 022 035 007 006 033 016 031 027 000 009 001 047 043 027 017 049 034 003 033 005 032 028 003 001 021 003 049 008 036 028 046 043 008 040 010 008 012 015 033 031 037 047 045 042 020 000 007 048 040 040 015 021 034 037 007 019 016 012 034 039 041 022 045 024 048 031 022 000 048 010 009 027 018 041
002 004 027 000 022 043 026 030 012 047 002 039 044 046 012 015 010 012 017 046 027 021 040 040 026 041 036 003 032 010 013 044 001 011 044 034 017 047 048 041 032 033 042 020 028 030 025 050 038 002 015 025 015 022 006 040 008 018 002 048 006 014 013 045 011 034 044 014 016 020 041 004 028 040 011 006 048 043 017 008 018 030 026 018 013 031 018 036 045 045 041 039 039 005
048 026 004 026 049 039 032 037 041 042 002 017 035 018 003 019 012 009 001 046 045 005 017 009 020 011 028 017 035 025 026 031 008 008 026 043 039 003 032 014 018 039 032 024 045 045 050 038 033 047 002 046 004 027 038 037 008 046 016 044 009 046 003 016 042 002 017 025 018 021 019 034 021 049 032 005 025 003 036 002 001 004 030 044 048 011 046 046 020 046 034 024 044 036
037 029 009 013 042 011 046 028 039 034 026 044 000 012 017 004 001 018 046 040 006 036 012 004 028 045 024 048 049 032 029 005 023 028 036 028 019 042 049 037 004 012 030 009 041 038 014 028 015 038 023 041 017 026 002 034 022 030 023 000 027 047 007 011 008 050 018 003 021 017 038 024 050 010 044 018 003 027 018 048 002 003 049 039 047 028 007 017 047 025 035 041 014 031
035 031 046 020 029 042 009 005 000 020 035 005 033 000 039 011 048 026 016 019 045 010 011 005 048 002 005 016 030 009 045 034 006 041 041 008 041 009 007 009 018 023 040 004 043 005 037 025 011 048 037 009 026 032 025 002 029 014 012 032 050 038 028 045 011 028 035 004 042 018 033 009 042 013 017 024 049 036 019 005 021 033 017 003 038 041 039 039 025 003 010 003 038 017
002 043 047 013 026 007 031 045 006 046 038 023 033 010 023 046 044 039 032 022 028 010 017 031 033 012 045 035 002 043 044 027 040 047 048 001 023 039 042 019 046 007 049 011 002 026 045 021 019 001 030 037 025 045 021 013 012 025 023 001 020 044 020 040 029 035 030 034 025 034 011 014 032 009 028 008 013 025 042 018 026 023 000 017 023 022 024 002 014 015 043 042 011 048
035 022 011 039 049 049 027 012 050 023 007 012 020 009 017 040 030 039 032 035 012 006 048 040 026 028 020 036 046 043 046 026 018 029 017 018 009 044 033 010 000 003 016 026 003 049 033 013 008 036 048 048 004 018 004 000 025 003 019 006 008 004 034 017 005 016 043 034 013 024 017 012 016 046 000 026 010 029 048 007 042 045 046 005 047 010 048 035 025 007 006 013 017 022
038 002 035 018 029 006 048 029 040 025 004 024 024 050 027 018 040 029 031 029 026 048 044 046 007 011 044 044 007 015 009 049 044 030 031 027 029 011 031 049 029 036 034 010 034 001 050 005 020 049 010 020 034 020 026 016 002 008 014 005 019 023 043 035 034 006 042 001 024 030 034 016 033 038 021 049 048 010 022 044 011 011 021 034 026 035 012 049 041 017 047 000 015 006
011 047 030 032 042 005 015 016 050 017 028 002 010 022 040 045 036 001 008 021 024 012 046 003 004 018 032 004 044 046 000 014 041 013 038 031 046 003 043 037 017 000 004 023 026 018 037 049 033 028 020 031 046 004 031 048 047 021 016 032 041 031 036 001 001 002 019 013 004 001 028 001 010 026 050 010 026 019 032 033 016 022 008 005 043 027 031 006 048 015 020 046 013 032
044 033 015 010 034 050 050 044 048 028 040 041 003 025 011 018 004 006 022 041 017 009 043 042 028 007 049 010 009 021 015 021 012 049 047 011 023 021 048 019 006 006 004 048 009 040 004 028 030 033 010 012 005 017 039 012 041 033 034 006 025 035 016 048 045 047 019 042 045 039 050 014 043 030 000 046 010 024 046 008 046 003 012 004 046 010 042 043 044 014 022 005 006 009
013 050 001 008 013 021 001 039 015 043 014 045 007 009 030 019 014 025 009 015 020 047 012 044 022 015 014 035 027 027 005 050 013 041 019 033 034 050 010 041 040 006 025 037 017 024 008 050 039 040 000 027 001 010 003 021 010 046 033 032 027 013 028 028 014 049 001 032 007 013 047 002 036 027 044 024 018 005 041 020 040 026 030 043 019 050 006 028 036 007 005 035 012 018
012 021 034 026 005 032 007 031 050 015 033 005 001 044 013 024 037 045 037 015 031 032 015 026 038 016 011 002 010 048 000 007 018 035 022 009 042 029 031 043 034 029 046 048 042 009 020 027 041 049 006 023 015 001 013 009 008 037 005 012 023 041 036 040 025 026 030 039 003 046 019 004 039 005 017 043 013 002 021 039 042 019 004 037 039 036 015 035 013 035 022 018 047 048
043 044 036 033 031 038 021 012 017 037 044 000 040 044 049 033 000 050 024 048 046 013 041 046 021 049 017 009 026 015 017 023 014 016 034 028 009 027 050 030 013 039 039 006 044 021 010 050 000 040 004 022 009 029 025 003 023 032 050 000 037 022 031 026 015 010 046 007 010 014 002 002 019 000 005 005 045 031 029 020 034 020 036 029 011 050 006 005 031 010 006 042 015 007
000 002 027 001 009 031 017 025 033 044 027 006 029 040 023 041 049 008 013 044 045 027 017 016 050 037 010 038 010 042 039 048 008 034 031 000 048 049 044 040 028 025 042 047 041 027 043 015 046 049 018 032 036 014 026 031 033 042 008 039 012 021 027 006 049 017 041 012 002 002 013 004 048 009 019 017 014 022 040 007 032 015 046 048 021 036 001 043 022 043 008 033 006 007
045 002 037 046 034 029 046 026 026 015 017 006 017 033 019 028 022 018 031 032 039 050 042 008 030 006 038 040 006 047 022 004 006 038 001 003 003 031 009 026 023 045 030 003 008 023 020 039 007 028 016 048 045 045 022 001 004 041 001 019 022 011 008 034 027 031 000 015 013 031 044 050 029 043 017 035 046 048 050 036 040 002 029 044 007 002 028 023 031 020 042 039 039 031
047 010 045 050 017 008 026 032 021 039 017 022 022 044 011 003 034 037 012 001 010 044 002 008 028 035 050 035 042 007 000 010 025 023 046 021 011 008 034 013 047 033 036 042 008 038 016 035 048 039 012 047 032 050 047 034 031 003 020 007 006 025 029 030 025 020 005 002 019 046 005 002 031 009 050 036 041 016 012 022 038 032 038 006 009 046 046 047 022 013 035 014 031 031
003 019 010 001 001 004 039 039 048 027 005 000 036 046 047 019 031 036 031 001 041 006 024 004 005 012 003 009 007 006 013 035 000 009 030 031 039 002 045 017 011 045 020 008 036 022 015 031 029 011 046 012 039 005 045 001 028 036 035 006 012 022 016 017 021 044 017 002 042 021 040 010 028 016 005 030 033 035 017 043 025 023 047 002 035 040 024 046 026 009 032 010 046 046
013 020 049 024 016 000 021 015 048 015 013 039 034 007 041 009 015 018 009 026 007 032 046 005 046 018 034 015 033 006 032 025 026 003 038 037 040 022 017 028 048 039 010 014 001 024 020 038 049 028 032 003 011 046 015 050 024 007 001 050 017 042 039 002 029 003 007 009 021 008 005 036 017 020 045 007 027 016 030 031 003 008 047 019 009 006 036 032 038 016 018 035 003 007
008 021 009 038 014 021 033 044 049 027 023 016 027 043 042 028 032 021 010 046 010 004 041 027 009 006 044 029 032 041 037 017 017 010 036 015 043 005 033 038 016 021 008 004 000 030 032 032 002 031 006 043 033 002 018 023 017 012 004 043 032 001 043 027 040 011 026 018 030 005 048 041 032 005 022 002 012 006 005 045 041 029 008 008 045 044 006 034 013 047 015 024 032 048
037 008 044 038 011 002 004 005 046 015 020 021 050 004 006 024 032 019 047 035 016 049 017 024 000 044 021 049 010 016 023 027 027 004 022 022 043 015 039 048 043 045 050 022 012 044 028 047 045 016 009 050 007 019 000 050 006 030 003 008 016 047 049 011 042 031 002 008 030 044 029 010 041 029 037 049 034 030 044 013 025 000 045 045 014 032 006 023 025 040 034 012 020 041
015 035 031 041 000 005 049 002 048 009 029 027 000 034 046 025 048 041 035 036 008 002 037 025 036 045 045 047 027 014 044 006 032 004 016 027 015 028 031 047 007 041 007 010 017 005 049 000 035 029 043 009 020 033 001 008 004 005 049 007 045 045 018 012 028 039 019 031 008 015 015 025 014 046 029 043 011 020 032 047 000 045 007 002 015 031 003 016 038 022 009 024 023 020
016 046 012 032 012 035 039 005 002 027 033 012 029 023 010 050 029 034 037 046 011 007 043 029 041 017 006 016 017 007 011 033 023 042 028 006 031 001 038 028 021 003 040 016 009 028 020 012 040 013 010 047 002 003 006 026 046 048 002 030 043 004 022 033 032 014 019 000 024 041 014 019 033 036 048 025 044 047 027 030 048 016 010 032 049 021 002 037 028 010 027 028 015 024
022 015 031 005 014 001 048 010 029 038 048 022 040 011 033 029 006 034 031 034 037 024 046 028 032 036 031 029 041 048 032 010 044 044 049 027 026 008 041 035 043 018 050 024 000 046 015 018 009 027 039 032 007 044 007 040 032 015 039 004 013 022 003 035 010 045 044 017 036 026 015 027 003 029 004 039 017 023 036 049 012 007 041 023 033 014 038 034 041 044 041 002 044 006
016 044 048 033 030 016 013 034 021 049 032 027 019 019 010 019 047 040 012 046 033 009 034 034 016 022 022 028 041 034 020 015 045 001 043 046 003 007 034 048 043 020 046 012 048 036 018 045 020 044 042 031 004 037 000 002 010 005 046 005 020 045 027 010 020 036 050 038 002 049 019 019 030 021 046 039 021 028 042 023 031 021 035 044 048 049 036 006 039 036 020 025 042 020
039 005 027 048 033 050 049 040 011 017 003 028 009 016 008 019 009 048 028 013 018 033 026 031 004 008 001 034 028 016 023 050 004 044 021 005 011 037 002 012 005 046 044 046 036 006 005 034 010 034 018 019 035 034 001 018 013 012 027 000 042 010 045 018 010 049 025 034 023 019 017 000 016 030 048 035 021 006 011 037 014 039 031 002 019 038 004 037 006 040 015 029 040 018
008 026 020 012 037 032 023 034 002 025 001 002 040 048 037 016 020 047 028 045 007 033 046 006 023 011 022 010 034 042 020 004 042 023 005 005 010 025 035 046 017 049 016 033 033 003 006 033 040 028 047 042 033 005 038 009 040 000 015 002 016 000 036 034 020 015 033 015 011 050 018 043 003 046 034 027 022 036 013 024 016 049 021 011 010 020 048 009 010 034 016 034 025 034
016 019 016 046 023 006 001 013 047 011 030 020 049 006 022 049 021 011 022 047 013 000 043 021 046 028 018 019 029 023 025 039 027 007 038 040 006 045 003 028 036 047 029 017 000 023 040 042 023 046 020 047 005 009 045 007 041 015 035 020 049 034 009 032 010 009 035 031 018 037 005 000 050 022 038 003 016 034 008 028 024 044 005 000 046 025 044 011 029 009 008 027 043 043
017 009 043 040 014 028 027 027 045 014 044 033 047 037 024 006 006 017 024 016 044 000 046 019 015 047 022 005 040 024 019 042 001 038 009 018 048 043 022 043 037 012 000 041 035 002 034 030 026 038 034 021 039 027 046 013 020 034 036 049 026 033 047 040 002 014 030 030 036 028 049 007 000 047 002 026 025 034 001 011 042 009 012 018 024 040 049 045 023 050 013 049 048 027
002 017 014 004 043 038 027 049 010 008 038 025 007 044 018 045 034 037 050 005 013 038 032 029 002 027 013 042 018 024 024 026 015 025 025 032 011 037 050 016 002 017 039 048 022 001 019 034 037 000 014 034 000 000 043 016 027 026 033 043 012 009 017 014 037 042 042 026 048 016 015 029 038 039 018 035 004 041 004 040 013 036 004 047 002 029 012 006 022 011 049 037 042 007
030 010 037 030 049 004 033 024 043 007 042 019 050 035 045 009 044 013 011 005 043 015 015 025 038 008 008 035 042 013 033 024 048 023 007 011 041 022 031 038 035 033 045 024 021 017 000 011 010 030 031 031 012 003 011 017 033 007 002 006 045 015 023 044 028 036 032 040 040 003 036 016 004 015 010 049 013 025 002 040 018 011 006 000 023 050 034 006 006 019 034 019 016 034
028 003 050 045 041 017 034 028 035 001 046 050 042 003 042 024 000 003 023 034 024 048 045 036 010 019 004 020 032 006 050 043 002 025 017 021 032 034 020 042 021 013 043 008 006 021 028 041 028 024 043 039 047 003 029 034 050 038 048 007 043 016 049 044 043 005 027 025 050 017 046 014 041 007 027 047 026 023 050 037 030 031 035 036 032 046 015 049 028 016 020 017 044 020
047 045 002 010 046 038 014 018 035 006 022 018 015 032 030 026 044 018 012 022 037 032 012 019 011 046 043 009 043 019 050 042 048 022 026 049 008 018 047 022 003 048 002 038 016 049 010 043 018 046 023 034 044 048 041 005 018 001 017 050 050 026 030 000 042 005 027 006 010 041 022 044 032 035 014 043 000 013 000 044 038 027 041 009 047 010 047 027 028 026 016 006 038 018
039 043 010 002 040 015 032 023 007 044 039 045 038 006 045 032 040 003 039 050 030 046 047 049 044 035 030 008 024 000 032 014 002 033 035 031 001 024 010 004 025 034 019 007 042 030 004 024 003 048 018 047 021 030 025 008 021 036 030 014 013 009 028 013 024 043 001 028 042 016 042 039 035 031 049 046 004 022 003 045 001 045 039 002 005 025 045 033 043 027 015 019 029 003
026 003 035 008 039 005 006 024 019 032 036 044 042 038 013 009 027 007 042 045 017 026 002 003 049 003 007 050 049 036 044 034 042 022 015 015 010 045 043 029 015 011 007 024 004 003 015 018 021 024 012 004 006 001 044 018 004 044 040 014 003 044 044 050 003 004 010 040 004 001 033 001 001 025 019 046 018 005 019 049 023 024 004 050 023 014 006 035 024 027 014 044 000 019
005 003 021 009 029 030 012 027 035 016 022 004 030 047 032 045 026 042 042 046 032 006 013 019 045 034 002 025 037 029 023 027 007 002 035 025 038 039 028 027 017 001 030 045 034 023 017 034 019 029 017 050 050 004 004 025 001 040 030 049 018 007 022 027 002 006 042 016 046 023 014 016 036 029 032 014 032 025 050 023 022 009 010 024 018 042 009 027 015 001 012 036 005 011
021 037 030 000 042 000 024 002 040 023 021 035 026 022 012 032 004 021 042 042 028 046 043 002 021 000 034 018 035 036 046 049 033 019 030 022 018 013 022 001 026 028 035 040 024 014 039 015 027 025 043 037 038 002 005 050 023 009 006 021 017 049 007 000 024 029 026 024 024 002 008 004 024 028 047 032 009 005 030 023 021 024 011 044 032 039 049 040 000 023 046 026 016 025
050 026 001 009 019 003 007 021 013 049 049 032 049 047 004 044 001 009 003 007 003 019 033 028 031 049 010 011 003 035 031 024 014 015 049 033 022 015 013 047 008 028 049 033 024 037 008 021 010 006 018 050 050 010 030 026 001 045 042 005 026 002 009 028 050 010 021 013 000 033 044 004 041 047 030 025 015 013 031 043 011 035 036 029 007 046 041 039 017 030 034 037 019 037
024 043 011 012 006 045 033 042 018 037 011 009 023 015 007 001 017 028 027 024 042 032 017 001 019 029 024 033 037 042 005 046 012 006 019 043 050 005 029 038 031 013 004 022 044 017 010 008 049 019 010 027 044 024 048 029 013 029 035 028 040 050 003 050 006 004 049 047 042 013 029 047 032 039 002 000 050 043 027 042 006 037 003 011 049 004 023 007 018 039 015 040 008 049
