gingkocc/tests/data/dummy1/grids/cc_0-200.grd
ncols           100
nrows           100
xllcorner       0.0
yllcorner       0.0
cellsize        1.0
[rows 42 to 83 of 100, columns 0 to 93 of 100]
001 062 184 012 140 107 044 141 167 081 160 016 021 155 071 043 163 140 074 187 188 036 170 089 035 163 074 041 019 187 126 014 133 182 097 069 030 004 090 061 099 103 160 069 085 065 178 065 184 063 176 138 076 115 046 197 117 043 105 038 060 038 001 143 174 008 128 016 082 053 015 038 027 060 068 090 033 135 188 064 037 031 137 148 020 088 149 162 185 120 051 077 034 067
100 098 196 005 170 140 038 194 184 151 169 150 152 006 141 184 164 159 139 085 182 165 081 021 144 179 187 173 108 188 031 099 030 054 174 020 099 088 007 157 110 189 034 071 066 173 136 030 195 001 015 168 050 166 015 038 010 127 086 057 035 057 045 179 070 001 057 127 032 050 101 015 171 030 156 044 033 067 171 131 186 060 126 189 089 058 174 173 194 157 030 066 147 020
093 072 155 167 151 065 073 050 186 150 092 054 138 118 142 176 133 190 080 068 138 045 068 048 084 125 053 002 199 131 186 028 038 006 136 039 016 143 200 174 199 012 056 143 197 130 023 079 004 173 146 185 199 026 056 059 145 022 020 159 070 089 104 172 118 079 054 036 123 144 002 053 043 165 174 129 110 071 161 147 165 021 048 144 154 069 065 181 185 076 016 094 178 101
073 094 102 153 199 015 103 200 035 032 182 177 175 173 009 063 128 141 052 162 157 010 087 161 091 180 166 041 139 010 022 200 103 174 094 075 142 118 016 180 164 196 110 191 026 110 053 023 095 099 017 022 196 118 079 100 069 074 184 137 046 015 037 132 052 180 144 064 073 006 044 035 172 185 042 178 048 167 121 051 041 159 056 015 088 005 088 057 094 169 035 183 198 165
095 014 016 041 125 175 066 107 118 052 176 131 191 134 058 146 008 078 139 028 096 131 056 188 019 101 200 079 106 152 087 102 083 119 044 107 014 083 148 176 189 099 032 194 180 080 109 194 166 122 008 065 058 126 011 056 086 160 162 017 190 014 155 118 014 067 020 110 126 083 171 180 183 119 024 090 085 140 034 162 043 170 192 011 043 083 010 128 134 154 009 169 175 072
177 054 038 160 156 108 153 100 058 007 124 062 192 188 106 160 011 138 075 163 152 086 077 152 164 145 160 133 067 083 107 024 139 152 003 139 150 183 089 120 130 051 126 121 120 008 182 137 034 044 008 022 113 134 168 030 094 102 069 090 129 055 147 024 073 141 007 189 081 125 030 057 108 051 046 140 050 100 069 004 069 067 127 186 020 052 098 124 011 174 011 145 166 016
151 044 008 139 073 075 039 069 166 168 113 126 173 112 010 022 049 048 097 139 091 041 028 099 089 021 060 158 061 134 109 155 121 076 107 150 075 197 165 173 146 098 161 005 150 099 200 178 116 147 072 008 095 182 068 004 087 085 028 019 054 108 068 184 062 067 054 200 073 032 053 176 015 159 129 042 087 170 118 019 052 179 021 010 086 173 133 137 039 125 188 018 007 089
185 016 114 025 015 067 108 142 049 008 133 001 118 078 135 110 173 167 119 052 045 165 058 059 034 101 165 168 001 009 168 094 148 052 132 005 024 111 023 175 027 039 101 099 054 091 002 098 178 154 117 143 173 144 165 096 070 022 108 067 105 129 075 043 150 074 117 189 111 094 018 063 077 143 196 035 135 181 032 035 125 117 196 124 024 056 117 101 057 144 137 070 095 116
181 164 041 113 054 045 001 111 100 077 081 039 099 165 174 077 107 156 015 143 025 138 089 100 038 087 192 113 112 026 066 075 023 122 029 193 081 036 161 011 063 036 039 054 004 073 169 116 017 197 015 008 120 158 142 014 178 149 198 000 158 006 198 179 092 158 157 082 027 046 160 119 195 160 026 042 171 133 166 075 087 093 016 067 103 118 045 052 164 177 166 045 047 010
151 082 162 142 173 131 059 094 032 198 073 038 107 117 103 182 084 108 052 175 073 105 032 185 189 091 159 040 087 115 121 060 126 029 191 036 068 017 053 056 022 065 066 020 022 061 045 076 103 101 194 097 072 042 043 043 075 015 130 038 162 197 012 004 174 047 093 155 095 019 008 101 162 120 032 149 112 096 013 096 089 034 022 059 094 191 118 043 181 156 198 164 043 007
039 045 129 192 089 050 107 051 106 181 113 022 152 103 143 083 076 182 157 036 125 054 180 159 087 174 060 164 117 146 020 087 023 148 103 025 171 111 107 036 029 073 093 197 138 181 164 088 146 053 081 057 125 067 181 026 042 108 056 138 076 200 131 144 116 173 071 094 095 113 022 018 063 167 053 063 013 022 133 118 143 106 051 185 116 080 012 162 166 200 125 100 179 105
095 112 073 090 067 168 017 106 161 031 039 091 013 108 019 085 166 130 066 102 185 084 099 010 008 165 121 014 007 188 040 009 110 194 015 083 078 172 117 170 033 132 195 126 011 104 038 179 016 169 087 138 195 190 126 010 017 200 103 047 010 022 038 098 142 057 121 030 139 199 083 187 075 099 046 073 081 125 046 067 166 123 027 031 138 167 058 166 078 068 168 116 055 109
125 075 046 104 062 020 092 075 021 061 167 026 136 003 007 168 003 027 116 041 098 062 084 048 073 182 036 110 070 031 113 180 128 173 141 075 084 104 172 042 155 025 176 035 039 005 053 018 094 125 129 020 194 091 146 081 140 000 112 125 037 012 133 108 058 006 082 200 140 145 082 180 102 186 154 003 151 020 177 072 067 134 004 007 036 160 160 015 071 139 138 002 041 150
006 082 002 163 077 069 075 168 190 046 025 031 029 170 135 127 049 059 158 133 007 044 042 058 018 005 135 179 143 039 133 024 073 055 004 041 195 030 162 083 052 023 186 173 121 193 105 080 014 005 080 089 046 172 184 145 198 060 147 165 094 051 076 126 123 078 178 095 141 006 025 083 114 124 127 197 121 085 159 011 095 019 073 183 183 005 156 062 184 200 036 016 200 077
145 188 090 026 189 141 127 042 181 143 010 169 014 077 127 196 089 187 006 112 012 096 002 159 070 043 015 187 195 126 094 086 004 167 003 155 035 098 108 051 000 050 023 112 200 139 185 017 106 173 021 149 090 014 199 045 113 131 197 102 143 098 135 077 101 112 036 105 119 130 011 061 181 076 115 018 057 029 199 198 169 051 093 006 173 165 050 167 116 171 149 149 052 153
027 049 172 048 025 161 004 010 166 050 187 009 112 160 103 032 105 079 172 197 132 172 089 091 177 073 024 116 105 149 138 103 126 039 142 160 080 150 056 074 170 057 101 196 030 158 145 103 001 088 053 105 190 160 007 128 065 079 041 116 127 042 039 120 138 036 069 043 114 101 022 108 093 176 083 059 135 118 199 063 025 115 010 043 139 020 109 103 138 045 115 138 005 099
023 131 104 030 106 193 181 028 177 129 009 098 041 038 047 029 046 175 150 092 184 077 092 129 118 084 143 143 198 028 192 028 165 199 183 126 136 050 170 137 057 156 068 049 062 073 110 123 039 034 005 069 077 086 034 128 178 061 156 070 000 115 116 176 124 016 171 192 015 050 090 012 029 014 088 027 060 001 139 148 062 090 056 150 099 118 182 023 081 185 178 102 093 157
083 035 106 070 127 120 037 116 067 189 084 073 111 188 162 157 186 046 170 194 026 173 043 068 195 193 171 152 006 133 187 095 055 011 040 190 093 047 056 044 104 044 173 140 110 004 078 047 035 011 159 043 015 116 123 102 175 046 104 105 088 110 137 103 170 147 169 096 125 076 044 114 005 081 108 079 105 123 196 069 140 148 039 090 149 100 030 136 005 167 199 086 094 045
039 016 182 041 154 021 115 157 070 178 099 003 058 113 081 054 015 144 163 037 195 023 007 148 027 165 099 175 000 153 013 181 026 006 178 008 051 028 078 069 036 132 060 007 165 069 137 149 117 050 087 131 055 039 138 003 025 058 047 089 136 008 034 050 180 112 017 086 138 101 009 189 134 134 180 037 159 173 025 129 194 142 042 066 010 038 052 139 085 116 073 159 118 114
088 008 168 198 116 133 162 180 071 024 198 141 097 045 127 108 176 081 086 156 165 167 050 105 151 091 156 020 117 164 041 013 174 051 039 042 091 178 076 192 181 164 164 063 075 178 158 148 019 015 107 011 187 064 122 003 121 029 113 069 134 043 128 067 139 040 015 168 088 074 050 115 118 038 196 198 017 045 160 099 145 078 057 191 061 000 169 016 068 178 052 085 025 112
028 176 160 114 063 051 091 018 016 061 026 009 034 024 113 200 006 077 073 080 141 014 045 010 005 018 141 018 086 161 161 047 200 078 189 097 149 015 007 054 013 093 184 195 052 040 130 002 098 161 167 069 168 122 174 047 024 095 027 085 004 002 142 087 177 167 066 083 034 097 085 196 101 032 129 124 040 000 161 110 186 026 184 135 106 117 108 069 159 094 104 158 137 047
080 146 006 008 129 007 008 024 103 173 010 179 137 006 043 054 140 187 187 031 025 003 194 121 022 130 068 164 065 077 165 061 080 032 049 050 196 009 056 141 139 122 076 028 129 082 066 061 196 079 074 099 062 023 019 147 137 025 014 093 066 125 094 079 088 189 092 003 121 017 071 185 111 058 192 035 184 043 122 072 130 053 016 031 059 181 197 135 169 145 132 170 145 019
076 008 189 065 189 042 005 161 002 163 081 101 073 091 113 042 009 020 200 163 004 074 116 052 053 027 069 177 059 048 148 183 027 067 136 123 101 086 198 151 019 022 038 168 032 163 029 110 052 001 103 166 086 096 105 099 072 083 124 132 100 200 193 007 189 127 106 104 110 182 179 187 137 120 171 001 121 145 019 099 194 130 049 010 003 189 047 069 122 052 103 151 152 184
161 052 144 168 066 075 150 158 078 139 172 175 104 094 005 106 131 148 052 179 044 020 157 054 114 195 084 025 010 113 083 133 082 095 198 140 148 112 171 180 108 113 056 141 164 099 148 113 087 100 047 083 152 052 069 058 003 155 027 034 032 047 117 018 145 027 026 042 003 051 128 075 014 167 136 049 027 059 167 025 158 196 095 079 124 165 054 000 098 144 152 042 031 130
171 013 028 190 176 042 182 148 172 103 022 106 080 024 090 051 083 193 052 085 102 166 040 133 036 132 089 163 150 070 081 153 169 165 168 047 120 153 122 042 136 024 089 012 135 191 066 066 060 092 099 161 101 148 199 084 000 006 060 125 032 076 056 104 017 015 168 184 120 039 197 148 079 075 022 070 035 181 081 103 128 133 071 189 143 181 004 015 151 012 162 059 188 157
081 049 179 149 184 073 167 006 011 001 091 009 152 112 104 089 195 005 126 048 129 119 092 156 079 165 063 152 172 125 100 118 022 136 169 195 072 099 162 080 086 078 009 122 009 031 183 187 170 179 053 169 105 096 183 095 194 196 142 103 168 180 166 001 168 149 091 080 049 078 065 077 061 046 121 042 086 198 136 125 093 179 004 145 007 145 003 130 129 069 122 020 160 081
184 030 070 177 104 174 125 074 184 191 138 090 122 158 150 109 155 080 102 086 059 144 046 013 146 028 043 184 054 057 043 159 008 124 079 119 068 033 164 121 020 028 178 190 050 051 198 137 130 125 074 163 190 166 092 040 035 101 145 137 007 062 090 155 011 120 017 081 082 083 090 199 134 139 060 195 031 020 062 160 077 124 075 034 154 165 101 062 030 130 036 027 103 089
153 057 132 167 147 107 065 142 002 088 168 099 069 038 149 077 047 032 158 138 011 140 174 026 145 071 091 081 037 180 031 044 149 126 192 011 192 022 108 062 069 104 182 019 105 098 181 167 138 097 186 080 020 056 014 126 150 182 145 190 099 089 099 073 151 079 030 155 108 002 171 181 150 125 084 071 040 172 142 148 046 006 018 138 073 032 116 071 036 052 173 160 101 155
073 055 116 144 066 026 052 077 139 155 063 189 052 013 060 100 116 145 042 022 167 042 125 165 067 069 015 077 028 075 055 058 116 173 137 132 110 190 130 022 115 124 000 058 198 079 098 182 171 157 105 111 025 084 117 070 194 020 016 111 062 193 175 167 058 154 009 017 102 174 112 059 092 137 029 036 104 085 048 074 067 024 085 185 020 082 120 137 158 065 130 032 198 151
105 048 089 147 169 180 129 164 004 036 072 159 053 133 196 168 013 155 140 060 086 043 021 019 148 188 109 088 119 121 174 095 157 056 070 108 075 077 069 198 148 071 050 179 083 063 156 018 064 151 008 158 179 110 099 166 135 196 144 176 038 016 007 154 195 121 082 190 130 045 004 160 050 033 145 107 037 026 115 148 012 161 194 063 194 161 152 153 119 112 091 139 168 121
073 173 125 164 064 020 133 012 095 050 150 012 188 014 132 019 069 044 101 174 084 177 175 055 054 052 128 181 141 043 010 132 055 199 013 194 131 135 119 185 185 061 061 108 126 124 071 051 177 114 143 106 022 175 141 057 069 105 042 094 077 159 094 177 022 064 149 038 080 024 154 089 109 164 108 056 133 074 128 053 189 022 061 173 180 055 119 193 054 040 190 134 174 144
053 170 015 140 058 116 091 132 169 145 101 170 177 016 084 097 087 189 066 108 166 077 193 110 132 105 090 044 131 093 115 177 195 192 174 087 169 065 004 191 197 110 068 104 095 004 075 003 139 124 097 028 189 026 067 164 030 124 010 141 022 183 145 011 046 057 117 190 105 191 154 193 039 087 034 169 014 034 021 042 181 006 057 134 110 099 156 195 069 038 057 135 156 130
060 146 118 020 186 038 008 150 082 018 105 125 121 091 022 112 063 141 181 125 115 162 071 019 113 111 106 008 055 157 067 133 077 025 093 007 128 196 182 194 029 106 183 072 151 176 143 102 115 020 166 129 100 091 160 174 064 064 200 041 070 163 122 198 170 018 081 183 074 164 170 036 001 123 028 163 164 076 056 175 091 006 176 051 073 118 197 162 038 117 192 070 066 032
083 167 144 038 026 068 140 029 046 186 186 008 074 048 049 128 035 008 076 097 083 030 162 008 069 146 038 186 064 076 030 040 028 144 163 181 183 082 119 021 056 168 156 184 115 054 110 180 130 143 072 128 194 174 022 139 085 040 062 023 177 150 188 191 003 099 011 068 098 134 065 103 077 162 034 055 113 150 130 007 176 017 070 176 099 048 197 048 032 128 114 091 099 126
075 195 182 023 019 171 094 084 001 038 129 045 137 185 166 054 171 041 146 141 089 161 196 114 053 002 018 126 038 145 160 172 112 167 027 127 102 074 177 184 042 141 016 117 077 026 130 137 113 167 174 097 176 068 150 192 189 085 196 107 086 191 040 160 017 037 022 058 112 143 126 088 170 003 182 108 034 192 026 135 120 041 189 040 078 127 035 148 136 065 133 175 097 125
086 104 110 149 069 119 012 078 027 004 007 082 191 102 058 046 135 191 066 135 189 183 057 177 023 091 086 148 123 107 166 104 010 127 104 042 002 062 197 170 091 048 018 087 169 174 178 122 147 188 054 011 106 173 086 078 002 138 084 094 111 048 045 196 091 171 013 004 139 181 154 193 170 043 154 021 141 120 139 137 129 055 163 067 093 133 002 122 150 174 174 074 033 198
001 021 173 075 095 043 065 111 088 200 078 102 066 139 188 043 137 095 007 052 011 007 087 089 090 099 005 070 191 125 187 067 137 159 042 097 085 191 182 054 074 147 032 082 137 061 080 116 099 035 160 014 046 158 170 197 023 088 093 127 138 048 135 089 061 152 136 053 155 198 158 081 125 017 122 081 122 117 139 144 020 065 098 090 150 114 075 102 014 022 060 010 081 195
135 135 142 046 025 126 182 137 003 048 128 051 185 067 118 160 192 041 069 015 181 091 148 017 145 070 010 135 088 113 177 110 014 176 021 037 029 040 013 193 004 176 138 134 131 186 153 196 178 070 081 034 117 043 093 141 044 011 183 175 103 104 018 135 018 065 064 169 011 092 054 088 118 025 086 046 199 040 074 144 132 125 133 128 065 107 022 113 182 125 198 101 096 188
087 148 137 129 056 119 187 014 138 030 159 127 024 061 193 078 079 143 170 078 031 043 050 152 008 009 151 121 124 122 106 198 197 115 078 145 180 173 115 158 158 085 143 196 183 117 200 107 133 131 186 165 000 178 142 123 140 072 166 199 101 055 043 186 016 176 003 189 096 174 051 161 105 076 072 191 051 180 016 173 014 038 029 189 030 000 184 172 141 132 005 039 041 177
166 127 065 007 186 178 165 059 007 108 091 176 186 004 181 159 118 159 170 041 135 065 048 097 071 057 118 192 086 181 031 038 107 076 167 053 118 092 078 119 049 046 014 197 149 097 125 180 147 087 133 040 058 051 152 109 112 179 021 139 141 064 025 081 030 071 111 021 034 131 190 146 026 094 182 137 149 034 110 161 136 194 151 108 127 005 191 065 190 113 120 084 072 124
014 055 174 127 070 075 091 170 006 029 063 104 025 164 113 172 167 070 107 120 017 144 114 032 091 155 184 131 096 021 122 013 082 141 116 009 051 120 142 181 091 083 122 082 029 121 061 146 069 034 032 115 085 156 002 035 073 146 139 135 048 092 005 107 116 075 104 190 054 067 142 192 175 046 056 186 192 163 022 100 172 051 081 065 114 143 186 035 179 125 158 081 135 094
019 030 091 186 138 183 153 138 042 164 071 158 024 147 074 096 119 064 047 108 189 175 180 169 108 193 104 180 130 125 088 109 061 082 142 061 088 135 170 162 200 147 001 079 049 031 198 125 059 192 100 147 077 076 161 172 089 116 085 052 063 020 017 121 002 056 123 090 088 124 142 199 020 102 117 139 169 162 113 045 043 174 072 106 080 133 148 112 162 178 083 169 108 062
