gingkocc/tests/data/dummy1/grids/cc_0-200.grd
ncols           100
nrows           100
xllcorner       0.0
yllcorner       0.0
cellsize        1.0
[rows 0 to 41 of 100, columns 0 to 93 of 100]
028 109 095 008 014 183 102 135 117 178 019 156 195 118 074 167 075 115 104 180 050 136 007 200 153 025 153 080 079 124 059 060 051 048 060 002 000 075 146 048 086 102 016 009 088 067 166 139 111 175 100 006 135 134 145 135 035 121 005 179 037 096 070 131 027 012 037 134 192 007 122 138 146 020 077 198 118 192 035 003 187 049 140 168 152 155 026 051 030 174 078 084 001 167
107 012 102 111 102 030 043 000 027 165 104 155 064 186 162 013 147 091 063 011 124 072 097 056 115 097 004 036 085 112 063 187 035 150 057 097 097 090 167 199 081 077 049 088 020 154 067 150 145 061 029 025 195 065 176 109 171 067 066 046 011 182 162 063 186 038 079 174 009 172 144 145 075 007 000 150 121 068 164 095 129 047 154 037 101 017 046 148 028 190 181 120 091 151
145 190 120 044 154 011 192 077 108 141 021 195 027 152 153 046 041 040 014 014 172 046 046 005 063 098 089 041 054 051 040 187 022 052 043 144 081 124 174 199 085 013 181 186 075 096 032 157 134 115 200 069 036 199 113 079 089 021 113 011 135 025 187 032 062 080 124 024 156 006 099 119 084 006 037 003 053 025 106 139 187 135 084 029 184 032 104 168 091 062 099 035 092 068
168 026 159 139 028 087 109 041 127 170 068 108 037 074 041 094 105 160 027 115 039 148 154 076 138 044 076 111 168 036 125 120 126 042 028 004 022 028 155 014 097 024 099 038 148 088 024 182 194 136 043 032 196 005 052 170 015 001 089 191 156 066 099 154 097 154 027 134 121 097 034 145 081 012 179 039 116 137 014 154 136 001 049 128 125 187 160 013 016 127 110 173 046 082
061 154 061 083 087 104 105 168 101 142 011 197 137 167 021 086 070 151 161 046 190 033 059 054 013 113 027 187 029 158 060 195 040 167 043 151 180 093 170 150 179 047 053 198 170 098 042 106 154 085 090 052 105 197 144 147 190 072 084 110 180 057 134 178 026 080 069 047 049 043 052 006 008 168 027 130 008 109 108 023 055 036 074 122 188 098 098 145 125 095 007 156 161 200
167 046 144 041 014 200 005 037 066 048 007 193 140 047 194 161 139 067 088 071 090 121 129 047 012 070 105 113 093 041 001 022 200 111 187 136 079 130 083 001 176 197 193 176 067 152 007 182 068 142 019 079 058 106 032 146 018 200 167 113 003 141 076 200 128 026 033 184 174 168 081 123 181 187 052 169 198 198 112 084 172 177 193 038 196 168 174 143 069 032 197 169 017 096
177 138 132 142 137 178 167 129 190 194 170 196 147 114 052 000 112 105 020 038 097 198 029 086 052 153 161 106 046 073 161 040 041 125 100 074 100 009 131 084 128 171 020 133 018 113 115 079 075 080 150 094 145 039 168 106 158 062 083 085 011 047 077 054 135 063 004 000 166 070 039 185 085 188 009 125 198 188 097 129 113 051 001 033 180 029 033 025 053 089 191 063 116 119
040 132 015 102 197 138 062 149 170 111 078 082 149 170 090 169 027 121 020 026 120 171 200 143 194 100 176 166 093 010 193 090 190 094 187 197 130 137 054 122 129 125 001 001 193 057 129 160 106 003 057 135 011 030 018 001 147 070 069 075 036 072 054 148 059 001 094 006 186 111 012 023 120 095 099 075 082 114 042 056 106 021 102 022 169 083 148 178 127 022 119 193 090 034
150 082 108 023 125 091 076 019 193 055 190 046 032 076 086 064 168 034 042 127 075 182 089 183 155 108 077 139 020 124 196 067 124 050 171 009 111 000 166 074 098 102 160 106 132 075 128 014 129 122 053 058 143 176 126 008 073 183 156 130 011 104 152 031 059 147 185 004 074 127 173 018 023 129 065 010 146 080 128 176 013 103 195 193 005 133 037 019 096 197 169 179 152 198
083 014 121 072 096 024 121 161 036 132 165 139 015 041 162 106 095 135 009 025 125 098 165 021 141 161 028 076 060 165 106 115 163 053 133 033 054 146 184 132 179 091 090 158 090 120 198 037 155 105 160 169 082 092 090 084 145 169 107 042 013 134 088 084 119 119 001 183 097 069 153 179 021 059 179 154 136 052 122 067 193 125 124 076 004 060 175 106 019 172 190 108 105 092
062 108 101 102 118 022 193 001 147 160 056 200 052 072 066 196 004 198 192 017 030 088 174 064 038 126 120 127 135 056 147 113 083 148 118 001 032 149 166 159 063 008 124 159 116 060 106 029 128 153 088 198 093 132 163 084 106 140 180 135 011 186 141 107 057 138 092 078 091 089 024 025 038 169 163 139 006 031 062 147 141 169 137 162 097 022 018 031 122 113 180 059 126 156
041 144 014 149 191 052 149 055 120 144 115 117 173 075 176 090 085 181 111 126 064 111 181 014 039 118 102 108 107 108 128 052 188 184 021 160 076 060 083 007 127 012 006 101 087 073 018 023 165 091 052 053 075 037 111 141 124 105 161 046 048 093 056 060 017 040 015 073 193 180 034 052 044 077 136 022 046 015 046 194 162 186 128 195 093 147 104 118 039 115 132 121 099 183
136 091 137 120 097 189 044 138 008 125 174 161 185 130 019 033 071 118 096 087 038 170 082 093 136 063 109 170 078 102 183 042 142 068 121 124 018 196 123 044 082 080 171 177 158 041 041 043 047 074 130 095 162 099 040 007 082 110 055 102 144 179 002 189 189 134 165 180 129 167 171 110 118 188 033 079 122 171 130 111 172 134 078 151 110 097 027 092 050 129 111 145 188 008
083 032 021 123 177 010 025 176 014 129 035 144 167 062 187 156 101 029 172 110 030 063 051 161 137 200 006 085 064 174 160 095 153 142 140 190 087 003 091 058 123 015 006 062 107 080 180 013 143 143 075 038 091 097 085 103 199 156 084 117 135 133 021 174 054 175 082 193 014 046 004 101 148 160 057 065 129 183 117 154 036 037 117 160 189 063 009 096 192 039 077 171 068 009
031 027 080 034 107 033 102 012 164 035 160 120 027 056 167 030 082 125 064 080 084 153 052 101 144 161 077 019 003 032 145 088 083 023 071 031 193 050 048 183 001 015 174 008 118 040 045 002 168 057 164 196 135 183 077 101 145 022 160 018 089 117 152 087 034 125 200 024 085 067 198 129 194 044 199 007 065 054 149 135 198 017 173 023 162 086 054 022 029 091 016 020 187 080
047 050 152 069 187 061 109 141 057 105 091 020 179 039 072 153 157 173 140 095 070 118 113 031 131 195 069 058 071 121 019 028 098 012 042 031 172 025 055 135 119 193 147 044 073 115 137 149 043 068 008 020 065 092 171 181 176 123 088 031 138 101 192 180 128 091 051 042 161 167 153 090 184 021 138 098 030 002 128 060 136 064 067 146 000 142 137 128 068 024 042 139 086 088
083 145 193 174 167 147 164 006 153 197 098 186 030 141 026 172 038 194 029 120 023 052 021 124 093 002 159 047 110 175 137 043 037 003 130 090 097 054 117 005 079 052 092 093 055 001 197 091 000 170 070 141 117 028 185 176 113 100 033 095 098 089 060 109 175 110 188 158 015 071 133 045 146 047 187 027 058 068 121 112 135 072 102 068 180 005 190 134 150 145 015 144 074 137
013 165 084 066 160 144 059 096 192 141 020 039 181 092 013 073 155 010 090 145 110 142 200 173 110 049 124 151 133 012 143 154 008 079 100 069 107 176 113 139 143 110 020 055 125 021 025 009 019 020 123 049 085 174 003 020 131 158 146 139 093 014 005 104 019 188 121 130 186 050 053 023 183 036 029 049 134 112 017 186 081 070 200 109 122 061 161 139 025 071 128 028 065 172
136 143 174 013 035 019 159 122 158 003 006 180 065 133 052 007 036 116 199 088 090 004 087 048 095 194 159 062 191 191 172 036 048 131 077 004 179 052 149 035 071 058 188 177 045 002 096 046 004 066 087 058 034 155 118 182 158 171 020 035 068 025 160 002 146 066 056 107 096 042 042 023 004 004 126 187 108 125 189 195 036 134 019 044 083 093 098 137 166 187 178 014 057 105
159 124 115 071 142 101 124 056 104 053 191 061 155 014 065 004 194 032 092 042 036 081 116 015 160 132 100 119 078 089 030 036 008 052 136 100 049 191 125 186 025 132 007 132 160 033 128 141 119 124 178 120 120 086 189 044 065 144 001 048 147 031 184 063 025 148 122 008 137 172 003 098 182 118 159 066 197 075 159 196 118 184 155 019 067 060 144 035 115 199 075 031 061 043
172 042 007 028 092 196 053 149 148 066 015 186 160 146 051 079 147 156 090 102 166 100 174 044 064 100 094 047 154 043 083 016 124 072 066 110 015 073 047 029 109 061 008 005 137 182 051 067 075 003 165 158 178 172 110 101 096 022 065 064 137 014 068 099 018 004 193 077 102 035 129 105 156 005 002 191 009 193 179 123 043 123 027 087 123 130 007 187 200 103 136 013 030 144
013 097 019 200 084 014 003 052 030 126 198 023 087 057 115 039 054 049 110 011 129 156 075 196 155 089 029 041 141 198 182 108 006 182 032 085 158 171 053 178 081 075 075 149 065 149 139 112 104 101 010 072 129 154 070 128 068 023 162 060 185 009 148 083 159 021 181 187 136 120 103 104 148 137 140 017 194 031 193 163 168 198 000 119 164 018 089 041 144 137 181 107 006 013
002 012 165 032 086 107 019 094 187 023 104 113 148 036 094 014 051 122 131 003 025 049 094 156 031 094 156 018 118 045 188 030 125 063 031 036 033 025 052 113 100 152 030 034 091 078 071 093 050 041 020 134 023 028 188 106 191 018 132 079 014 179 148 164 082 036 100 150 099 056 060 169 123 146 171 100 035 090 050 081 005 148 180 156 179 088 141 096 015 097 195 038 163 192
165 019 184 099 074 127 169 191 024 019 060 183 048 178 109 078 163 139 146 060 003 163 072 010 027 052 195 173 039 179 115 180 031 043 147 103 143 181 080 171 004 109 155 089 049 000 156 136 134 139 059 192 057 117 141 070 156 138 002 039 106 171 070 104 126 079 194 162 092 122 156 154 049 193 170 148 044 027 076 166 123 076 160 189 007 194 187 120 152 005 166 178 016 015
106 027 106 159 148 007 095 085 029 060 064 093 183 048 099 178 056 054 176 031 197 185 190 123 173 125 104 028 088 105 034 106 065 099 141 102 192 061 092 017 139 192 143 145 161 064 026 146 091 020 097 009 188 092 078 139 016 107 074 074 070 005 087 144 053 053 075 020 115 047 152 149 120 024 127 162 002 153 164 044 061 083 078 032 009 019 019 159 021 152 131 123 020 049
047 164 022 074 005 008 192 133 047 150 121 134 045 153 083 109 032 050 023 195 067 093 082 167 061 060 107 006 133 176 125 192 125 153 010 110 131 078 197 189 048 036 116 032 009 034 102 056 180 192 181 159 108 088 061 086 057 183 138 058 152 105 081 042 101 050 086 125 068 016 050 053 156 085 041 039 154 075 054 186 120 165 104 036 180 125 049 188 078 160 075 185 091 077
163 070 046 070 065 175 145 132 123 005 024 194 161 123 113 140 110 118 056 119 013 088 142 195 146 086 105 112 074 173 071 194 074 072 099 004 174 108 167 166 178 187 028 166 176 168 174 042 118 155 113 096 117 001 106 185 200 027 111 086 171 104 112 098 057 026 097 096 172 163 089 016 169 148 133 048 091 195 082 151 115 074 129 036 055 166 019 027 071 135 184 190 055 138
140 168 023 065 007 015 027 098 135 104 087 163 193 164 081 106 071 136 012 192 151 177 189 137 053 152 067 053 051 155 075 090 194 195 113 168 041 093 105 019 041 200 079 187 118 143 149 083 045 156 104 168 008 012 008 055 062 186 125 058 173 054 011 069 092 165 188 161 167 051 009 067 168 023 060 139 135 016 166 114 059 111 091 200 103 199 098 084 137 159 051 081 174 054
032 039 175 120 151 164 122 058 162 157 150 094 198 194 037 043 177 026 097 189 076 160 023 032 072 058 005 053 164 131 059 008 055 059 105 158 182 073 065 199 057 036 067 129 074 066 036 007 153 106 038 085 180 129 070 021 132 051 002 191 009 102 164 196 151 071 065 187 132 085 090 174 021 007 084 081 128 134 082 027 044 023 089 141 161 199 000 094 157 170 065 073 166 149
148 092 182 094 054 111 104 129 081 132 098 069 122 158 096 084 141 180 157 014 090 033 192 128 200 182 061 052 034 006 037 166 019 021 098 052 108 048 164 028 150 152 167 108 199 024 188 069 042 149 172 040 007 084 178 146 037 087 186 158 033 027 146 109 168 047 063 002 110 008 042 062 155 060 141 119 046 045 151 180 025 030 138 012 024 084 026 080 196 068 132 046 033 188
120 000 022 140 091 173 070 170 147 135 020 019 074 151 035 155 023 081 096 166 024 183 058 051 036 199 150 012 018 056 111 128 159 162 086 026 058 190 193 105 033 102 000 000 177 011 031 199 083 151 117 141 077 143 143 015 046 185 046 042 189 023 039 112 183 010 187 019 130 096 173 195 117 000 056 131 154 041 156 048 043 196 023 062 137 168 180 127 070 033 019 055 193 166
161 069 188 135 119 122 096 148 191 198 012 192 067 132 193 005 003 165 128 117 085 022 162 097 016 136 032 155 086 122 106 004 064 108 149 106 135 015 073 158 073 060 033 097 141 034 104 137 042 159 093 128 078 147 035 182 126 051 064 131 160 179 040 161 011 094 148 126 090 015 155 189 144 053 064 125 038 028 178 169 197 051 115 074 170 077 035 192 049 186 026 028 179 164
075 172 034 108 122 042 151 179 075 013 169 153 042 032 196 149 003 197 008 042 175 161 195 181 026 164 052 173 003 069 068 099 090 059 180 031 080 164 135 103 136 038 054 095 166 128 032 012 020 133 042 195 061 055 134 169 044 174 171 178 040 035 191 024 066 110 087 081 176 005 198 181 107 029 018 061 013 189 173 122 160 054 093 072 162 061 019 128 098 077 082 115 150 072
090 155 145 027 179 174 148 063 054 039 137 102 164 117 099 058 009 027 055 108 136 026 165 119 143 076 142 041 011 068 020 037 081 102 122 176 058 025 084 177 110 010 135 180 006 194 137 131 057 005 085 073 093 159 187 039 190 080 154 002 025 184 163 002 029 027 055 152 191 017 078 187 014 195 054 176 081 084 188 178 124 030 017 066 106 004 098 058 117 091 127 111 025 147
041 105 194 199 159 111 036 098 068 065 136 147 030 128 087 183 033 045 136 037 130 167 136 065 112 085 118 185 038 048 188 155 049 161 142 163 161 094 195 096 176 056 050 120 132 179 153 155 078 082 056 115 099 100 098 001 048 196 023 145 038 172 064 008 093 070 052 066 090 046 112 124 103 141 170 138 115 157 047 143 049 037 199 091 025 017 101 155 163 121 035 162 126 028
049 044 150 157 079 044 155 149 121 156 020 074 179 013 140 155 022 135 118 190 027 052 173 108 159 135 094 060 163 191 169 090 068 144 149 131 167 165 025 113 000 132 159 110 124 198 054 106 081 062 014 152 198 163 033 063 127 019 182 200 168 074 084 134 171 034 002 032 122 146 185 042 079 020 057 012 187 032 116 176 118 193 012 116 126 039 057 196 188 049 038 047 151 179
000 030 003 032 079 187 200 194 149 007 192 032 076 147 118 132 047 090 155 165 180 022 122 148 015 110 005 075 176 186 031 140 056 008 012 145 195 196 144 108 070 111 039 159 117 003 146 135 187 099 129 073 188 094 079 129 061 024 024 049 021 151 048 120 198 093 078 200 025 131 047 122 122 169 105 060 173 077 128 151 080 060 161 086 061 015 111 094 078 123 082 128 168 017
116 086 102 049 098 160 001 112 007 079 001 192 112 008 154 170 029 094 030 070 073 020 037 162 050 051 144 038 116 109 183 168 093 082 125 159 002 046 079 118 169 200 032 090 108 139 183 154 052 068 029 050 008 145 176 045 095 077 154 069 029 081 081 177 164 186 141 135 146 177 003 067 043 190 116 068 140 172 097 100 047 119 067 119 153 002 110 045 066 166 154 155 199 067
139 071 024 090 121 094 041 026 109 073 157 150 070 087 079 021 181 081 101 052 141 016 053 090 148 084 045 179 054 136 102 028 163 017 114 071 172 114 130 169 138 004 076 033 091 167 119 101 116 045 152 106 121 147 029 053 181 078 075 077 038 186 145 193 189 019 038 000 150 123 044 153 188 073 176 074 174 006 036 089 184 045 190 093 068 078 129 091 093 088 076 094 171 091
130 156 057 020 187 101 130 008 190 080 034 157 171 099 068 189 032 074 136 030 006 147 044 146 020 022 179 158 013 082 167 193 135 032 168 096 008 198 000 038 075 076 090 041 010 154 191 196 106 037 129 181 168 118 199 075 033 188 016 198 192 005 065 080 166 112 157 173 055 122 080 182 068 176 031 138 150 147 054 088 193 107 091 151 004 192 145 139 061 028 153 168 189 165
188 112 131 019 064 104 090 022 165 131 033 027 192 147 066 008 166 102 154 188 059 197 176 195 094 095 125 093 052 065 033 165 176 118 095 096 140 061 137 168 185 146 200 197 168 119 040 048 122 182 096 147 022 166 040 150 151 094 102 042 110 068 089 009 068 002 002 032 027 004 109 151 188 019 134 006 095 053 056 123 143 115 070 110 172 103 105 125 016 119 126 156 089 051
033 088 029 163 122 026 062 049 087 020 196 122 083 004 082 156 058 087 171 071 160 198 011 103 008 108 018 063 088 160 199 113 132 147 191 002 060 110 103 078 002 136 010 152 070 122 105 085 061 057 152 046 149 071 138 084 153 008 001 150 180 001 037 157 126 005 096 151 120 108 110 147 101 164 163 155 052 199 160 105 071 090 085 184 003 065 026 047 167 175 089 021 005 081
