gingkocc/tests/data/dummy1/grids/cc_0-50.grd
ncols           100
nrows           100
xllcorner       0.0
yllcorner       0.0
cellsize        1.0
[rows 0 to 41 of 100, columns 0 to 93 of 100]
005 030 023 014 046 048 004 018 021 018 015 012 005 002 004 027 014 004 010 020 021 048 009 049 034 041 040 023 041 026 021 033 050 014 026 036 008 029 047 010 025 045 013 001 015 037 048 035 048 027 016 014 030 004 043 010 002 032 024 014 002 022 046 007 036 021 009 038 007 017 003 043 025 009 046 012 040 025 004 011 013 004 035 015 039 047 012 013 011 012 028 036 003 030
026 041 048 043 048 023 022 042 036 011 033 010 029 028 030 021 047 017 021 048 012 016 048 015 009 019 021 037 049 012 041 031 008 014 029 030 033 031 031 049 042 031 003 022 023 022 048 029 018 013 008 030 039 033 038 031 040 014 041 016 040 036 001 041 049 010 029 049 022 046 044 026 011 031 021 023 022 021 042 050 048 026 004 009 036 007 009 039 005 013 045 046 050 004
047 001 050 004 044 028 023 022 019 022 013 037 045 034 040 017 013 050 018 013 045 048 041 028 013 034 007 008 018 009 049 040 001 002 022 032 050 000 037 008 022 043 020 002 034 034 038 016 049 024 036 035 006 032 012 043 032 006 045 034 011 033 040 017 002 015 015 009 044 010 032 000 032 028 014 049 011 038 018 015 041 034 027 006 018 032 049 044 013 033 028 023 037 023
019 037 021 030 021 045 034 000 030 025 023 000 040 047 034 049 017 016 034 009 023 047 046 017 001 028 046 021 002 030 019 008 020 016 011 006 040 049 036 036 032 004 021 038 034 005 019 018 019 038 050 024 035 021 020 008 022 025 049 015 027 025 014 040 037 046 013 006 034 000 035 033 027 023 037 041 040 040 012 032 036 014 039 012 020 041 038 026 033 045 030 038 009 046
018 028 008 004 027 046 040 004 043 035 031 039 011 029 036 036 023 039 001 008 002 016 022 006 032 014 016 009 033 006 031 018 039 011 032 046 005 011 003 037 012 037 037 038 049 028 030 023 010 032 039 025 042 018 002 040 009 018 013 004 000 008 004 031 036 023 031 019 037 018 034 021 033 012 007 034 042 013 014 042 013 011 006 004 033 012 008 001 037 018 019 044 021 045
047 038 038 043 042 047 026 023 036 037 037 017 013 035 042 041 042 003 013 013 017 038 009 033 009 010 034 004 012 044 030 027 045 029 000 028 029 007 040 035 032 032 012 031 043 037 019 000 001 036 027 033 016 022 034 027 005 004 024 024 009 005 047 018 045 046 031 003 031 009 001 030 036 037 016 040 050 045 035 022 040 037 032 043 017 025 026 004 024 046 045 015 021 040
033 024 032 009 024 025 020 028 030 034 036 045 032 025 028 027 023 036 010 048 029 022 025 021 024 037 000 038 018 011 038 038 028 047 021 034 015 035 020 006 049 025 017 008 050 026 013 034 024 013 003 042 024 029 009 044 004 025 022 047 021 035 024 007 043 016 014 036 022 036 029 047 042 035 038 008 022 012 004 013 028 009 045 009 035 005 041 034 041 013 009 012 013 015
036 018 033 035 021 046 025 001 034 043 020 045 038 011 045 039 033 036 029 014 043 029 027 018 009 006 027 036 046 001 030 017 048 024 016 010 029 000 000 001 039 006 008 018 049 042 047 004 036 009 002 012 041 041 019 041 047 026 033 044 025 035 041 050 012 002 050 009 028 004 025 042 037 019 033 037 024 002 040 008 038 049 005 041 038 028 033 039 024 003 049 021 020 030
028 044 037 015 044 012 025 008 035 014 027 049 036 026 004 022 033 014 005 042 038 049 041 038 004 047 047 023 000 015 037 014 004 015 037 041 031 047 050 007 038 003 004 040 038 000 050 005 016 033 038 014 000 033 039 014 039 047 010 010 001 017 019 035 017 042 031 022 008 035 039 045 031 042 002 025 010 030 044 012 043 008 034 001 036 016 030 003 018 008 047 003 002 028
045 012 043 041 021 025 012 044 014 029 037 037 044 029 017 009 029 035 006 047 025 041 036 013 010 012 004 025 046 001 007 035 016 015 034 011 020 037 025 014 043 006 001 009 049 041 032 012 024 014 039 021 020 020 031 033 001 030 031 032 004 010 049 014 050 001 013 021 020 013 037 038 048 008 020 045 033 049 022 009 021 044 020 027 049 044 025 035 045 025 015 041 034 026
025 041 006 035 036 019 013 043 019 013 039 017 044 037 039 033 005 021 044 002 041 043 005 032 035 049 046 003 031 048 034 050 039 007 003 007 005 014 045 010 028 011 003 050 024 015 004 044 024 028 017 045 026 044 027 012 013 048 005 031 005 035 034 021 035 046 001 035 010 043 003 050 023 039 019 020 013 038 013 049 017 045 025 047 034 048 019 011 002 045 017 002 001 040
018 003 009 000 021 036 050 019 045 016 039 034 021 010 000 014 005 003 000 026 050 037 001 010 034 024 045 027 006 016 035 047 048 022 010 040 008 046 020 004 009 002 010 019 020 016 040 024 045 035 049 003 016 029 005 016 017 041 019 000 050 043 034 050 029 032 045 033 020 000 001 016 023 034 042 041 017 026 016 001 005 007 015 031 039 016 006 031 013 043 008 031 017 038
009 028 034 045 011 026 001 007 016 003 019 011 024 001 009 021 049 040 027 048 043 041 001 031 036 021 039 003 048 040 050 046 025 015 011 041 015 007 000 027 033 015 010 024 007 043 008 025 030 017 038 033 048 021 006 033 017 022 042 023 009 015 033 031 045 032 033 030 009 044 046 025 010 003 034 022 022 023 022 005 012 009 041 026 005 007 022 029 041 050 003 037 009 044
014 040 000 024 046 035 007 040 016 030 015 008 024 017 007 041 001 019 034 006 019 032 007 004 050 003 031 032 040 048 046 033 020 004 045 044 039 043 030 029 007 001 040 004 033 048 021 009 015 015 036 024 007 042 009 033 021 018 038 014 017 032 035 037 014 049 019 039 049 032 024 005 009 002 033 009 045 045 015 001 002 039 042 000 006 025 027 006 022 034 010 025 040 025
006 018 033 019 045 012 049 044 027 043 031 012 012 010 050 035 049 033 035 037 028 048 030 012 034 036 033 025 048 012 015 044 006 009 036 028 047 002 032 025 033 008 037 012 046 008 016 017 009 021 030 003 020 034 047 031 031 005 031 009 008 009 022 009 031 016 029 024 046 027 039 030 048 039 007 023 021 006 002 007 026 045 025 007 023 042 018 041 035 019 008 039 027 002
003 043 038 031 017 024 029 033 028 028 045 012 046 000 018 021 017 045 022 021 004 019 001 023 049 028 008 048 046 044 017 030 039 023 012 008 025 026 019 020 043 011 028 006 039 048 014 049 025 000 026 047 049 013 032 009 021 020 012 028 012 000 040 017 009 050 009 027 048 003 038 042 014 020 006 015 042 044 004 026 041 010 048 042 036 050 003 032 031 016 021 044 036 049
046 022 006 016 049 000 033 002 037 032 043 034 023 000 009 030 002 027 027 046 048 002 046 036 020 024 039 043 000 026 018 001 040 022 031 023 026 045 035 028 023 020 007 027 047 034 048 000 011 045 008 019 015 045 033 013 028 014 019 038 023 042 007 022 031 011 049 007 008 024 017 027 025 015 010 019 019 019 031 003 045 012 010 002 009 033 030 012 008 039 044 045 046 029
016 034 046 011 032 004 045 040 013 034 020 048 018 047 018 019 028 025 033 034 030 024 023 036 030 047 016 020 001 008 046 005 014 048 040 041 023 023 022 015 025 000 030 010 035 024 050 050 028 005 011 027 028 013 048 012 042 030 030 028 023 042 008 009 011 023 010 029 042 039 016 015 011 036 018 000 003 050 034 024 032 017 032 034 032 003 025 021 049 021 030 033 021 016
035 027 045 032 000 029 005 030 007 010 036 006 040 010 001 048 021 029 046 027 031 043 047 030 024 032 046 008 043 043 044 025 034 007 017 026 033 014 022 033 016 029 023 027 009 003 034 038 026 042 007 048 004 010 040 007 023 048 039 020 025 023 050 011 003 038 040 014 045 035 010 022 020 003 043 007 013 010 018 032 030 033 015 041 029 011 045 018 035 023 023 042 045 027
040 049 030 047 030 030 018 010 042 031 017 021 040 044 009 002 038 041 010 020 027 001 018 042 049 017 039 038 029 024 012 033 013 046 000 006 029 041 005 027 026 025 010 049 044 014 002 027 015 009 050 041 027 026 014 037 050 042 023 042 032 047 006 049 002 001 011 035 013 038 004 038 026 005 006 030 027 004 012 011 026 041 002 005 029 013 022 041 021 005 045 018 025 002
011 036 033 003 014 017 032 039 030 034 043 028 010 009 002 013 014 033 035 006 042 029 001 002 003 006 001 016 043 007 029 022 023 030 014 025 014 045 021 025 038 009 019 020 039 009 044 000 005 013 021 022 032 014 016 030 024 049 008 017 035 032 029 014 007 037 050 021 023 048 010 031 044 037 001 035 043 048 035 016 040 035 047 029 035 040 042 035 024 004 011 006 042 006
021 023 026 041 015 032 042 016 021 011 047 050 049 048 005 008 002 049 031 040 009 028 017 004 005 039 025 044 014 024 018 000 023 033 006 008 019 047 000 003 031 024 003 026 039 004 044 040 037 050 005 047 007 006 015 014 027 001 038 017 037 017 032 045 006 032 019 040 002 044 005 002 015 037 001 022 004 013 036 010 038 006 047 023 036 023 027 002 021 029 049 001 043 002
036 008 027 031 045 028 006 009 008 049 004 011 035 041 009 014 000 032 005 027 003 021 047 039 004 020 022 017 017 022 047 020 033 016 050 003 006 028 016 009 004 008 007 046 013 006 032 032 045 046 039 009 027 039 019 029 019 017 034 044 008 001 022 027 001 050 034 008 048 045 003 001 034 028 031 030 002 009 000 000 026 050 022 039 014 023 008 013 009 042 003 047 002 038
026 020 020 027 003 001 033 047 030 002 037 005 004 020 036 010 035 023 037 010 050 019 036 034 022 006 050 048 045 043 037 036 003 028 014 046 023 007 028 018 012 037 042 044 032 015 043 023 007 022 039 007 030 034 049 004 015 039 007 030 018 047 016 017 017 046 036 036 022 026 016 001 007 003 030 035 046 021 017 033 026 005 040 006 034 019 002 046 018 022 013 005 026 025
011 018 020 002 045 015 050 008 042 023 008 002 038 003 002 020 009 017 007 042 030 048 043 016 018 016 042 030 049 042 017 014 025 020 050 043 035 014 004 023 031 028 048 021 020 049 008 008 030 041 044 027 038 044 015 017 025 041 035 016 008 011 018 034 006 024 023 047 023 007 018 026 001 012 008 014 028 026 037 022 026 046 000 021 029 024 038 034 012 043 046 026 023 026
023 028 028 040 048 044 030 045 039 022 042 041 033 037 041 041 036 027 009 035 019 013 020 018 010 038 035 041 003 029 008 005 008 016 041 004 050 039 001 025 023 028 032 000 002 030 009 046 031 010 033 048 005 043 019 030 028 030 022 042 024 015 026 044 019 030 024 049 009 050 021 040 035 002 047 026 025 013 034 039 048 036 005 029 016 005 033 010 049 026 004 021 016 000
029 023 007 002 021 017 008 046 017 000 000 036 020 024 026 010 015 029 022 033 000 042 029 002 026 033 039 009 018 049 028 004 018 038 018 016 026 032 043 010 009 012 042 019 032 034 007 031 007 022 028 030 041 007 027 023 009 005 038 011 020 028 039 017 000 038 015 028 000 010 023 027 017 022 017 022 008 033 035 031 005 023 050 031 046 047 034 011 021 002 016 026 041 008
010 025 049 031 013 047 019 030 050 045 042 000 021 041 027 035 040 047 017 040 010 006 009 019 049 000 000 025 028 049 007 015 047 014 006 031 040 045 047 017 023 019 002 037 026 012 034 033 043 033 007 003 032 043 004 031 004 046 029 039 008 012 029 045 030 009 016 003 026 020 031 011 050 049 002 041 040 044 007 006 001 012 031 027 015 014 050 049 014 004 018 026 037 034
028 001 039 024 024 004 003 037 036 002 021 048 010 025 003 033 022 034 047 012 046 003 040 022 028 009 004 006 019 026 039 002 012 042 035 020 012 050 006 015 007 043 022 025 012 032 037 015 016 040 007 044 032 040 008 043 005 045 012 019 049 035 008 050 024 034 030 043 011 013 001 047 005 016 005 048 000 044 024 027 007 018 028 040 005 049 036 032 041 040 021 005 033 006
021 019 018 004 038 011 027 046 045 035 005 006 012 009 027 048 000 045 015 011 009 009 042 031 013 048 043 017 013 035 020 029 031 033 005 027 045 044 003 039 021 031 014 000 037 046 010 045 031 047 025 027 033 036 035 031 028 016 000 030 025 009 013 001 030 022 046 014 027 026 012 032 050 011 035 042 040 006 044 033 037 046 040 029 035 011 027 018 007 050 002 007 025 050
008 011 031 043 020 002 014 045 017 018 024 034 032 027 018 017 011 039 033 020 040 039 026 048 033 037 045 008 017 016 042 021 010 040 047 016 030 010 000 018 019 021 047 028 042 016 012 029 009 045 034 030 005 046 006 022 015 001 002 048 034 018 038 022 009 023 049 013 045 016 050 036 039 010 016 034 048 022 029 038 009 015 020 008 050 015 048 035 044 002 047 017 022 023
029 005 008 024 036 033 039 021 036 016 046 005 027 046 026 048 045 045 011 017 016 000 048 000 018 035 008 029 042 007 033 005 009 023 005 023 020 037 031 002 016 015 006 033 048 012 047 027 037 020 002 025 043 014 025 014 005 012 040 033 032 026 004 013 000 006 009 029 016 032 016 022 030 040 036 030 024 039 033 033 014 029 024 045 013 034 024 042 013 002 031 035 003 028
010 031 025 006 030 003 011 046 047 006 029 005 029 013 019 045 021 013 001 044 007 013 033 013 045 015 043 049 039 045 016 011 042 045 035 050 022 039 002 002 018 035 014 044 038 035 034 003 018 037 029 012 031 039 015 026 050 043 034 004 011 049 038 025 009 037 030 041 027 001 025 045 036 027 032 032 047 024 021 040 038 010 017 000 009 044 033 017 017 039 050 018 014 016
048 024 019 008 040 021 016 009 044 002 007 035 011 033 003 014 045 021 022 038 024 007 036 043 035 035 018 038 017 029 018 002 036 024 020 050 035 035 016 007 036 003 031 027 004 015 006 013 048 042 008 039 038 028 039 001 035 038 030 040 025 034 027 031 004 028 040 045 004 046 008 046 014 045 025 041 034 031 024 010 017 038 019 041 031 030 035 014 019 002 039 037 007 015
038 024 010 024 045 045 041 001 029 026 025 050 035 033 005 031 045 049 024 024 047 016 014 030 049 020 046 021 021 025 003 013 032 046 011 003 016 046 024 001 026 021 040 041 031 013 013 010 022 047 011 034 050 040 032 016 013 036 033 048 013 006 026 043 020 034 047 027 005 045 023 011 044 036 029 015 028 027 019 006 044 000 018 034 007 028 011 008 034 046 019 003 004 031
009 013 031 027 049 031 021 019 045 005 038 009 036 028 000 032 011 028 010 043 037 048 011 018 030 012 001 016 027 033 000 044 013 004 033 042 045 010 016 015 044 019 027 044 018 040 023 024 031 027 025 038 022 002 002 035 021 020 016 030 009 038 027 011 033 025 044 009 015 016 035 036 019 026 025 030 031 036 030 037 029 040 029 042 038 019 027 033 044 038 002 008 010 020
030 040 043 003 021 034 011 001 013 001 005 004 014 040 048 013 001 050 043 028 012 023 009 015 008 017 050 041 049 018 046 030 009 021 035 047 049 012 020 005 044 011 000 029 020 009 032 030 015 006 017 015 006 026 004 010 028 031 010 016 034 003 038 028 008 012 047 035 038 031 021 009 017 024 020 021 040 031 003 045 046 006 041 012 007 024 024 037 039 033 011 030 049 045
002 035 043 021 006 005 024 018 028 035 004 011 002 006 028 009 037 001 021 020 030 037 037 002 020 011 013 037 000 017 048 038 020 040 042 023 008 048 046 020 010 011 008 025 012 011 019 028 015 023 014 046 029 026 031 002 010 039 050 004 015 048 016 011 001 022 007 000 049 000 007 040 031 003 009 050 020 048 008 050 040 033 016 005 008 034 035 015 003 026 022 047 045 047
027 034 047 048 034 000 044 027 024 006 046 023 011 046 034 047 005 028 008 020 023 004 031 020 046 002 029 025 028 042 039 020 009 048 023 034 019 038 017 019 042 041 035 009 006 020 003 031 028 010 042 006 018 018 025 020 048 050 006 019 025 017 017 045 016 047 048 048 017 003 016 038 014 015 044 045 027 022 006 032 019 007 040 002 021 013 049 016 044 050 044 017 042 006
023 013 007 013 038 004 025 018 035 007 050 030 046 015 006 001 017 024 030 008 040 046 043 003 024 030 003 006 020 020 012 011 029 028 047 041 048 028 050 013 016 035 028 046 048 005 033 003 002 004 014 030 025 032 032 006 002 018 040 043 002 050 015 028 024 021 046 006 020 048 046 003 010 026 041 007 026 018 030 030 048 048 018 006 045 017 013 040 013 003 020 006 008 014
020 046 003 033 011 046 003 017 002 043 006 043 016 015 037 007 021 040 024 024 048 037 046 010 037 049 000 007 041 026 021 006 030 032 042 042 003 010 050 014 002 002 010 004 001 031 039 002 042 033 038 039 035 021 017 019 037 009 023 017 036 042 049 049 016 023 045 037 049 013 018 034 011 008 009 050 032 030 033 030 034 019 029 024 036 021 022 015 043 035 015 033 038 018
040 016 032 050 048 042 030 031 049 037 042 039 024 044 011 026 032 007 005 012 005 022 025 038 031 016 024 023 024 033 042 002 016 040 024 035 046 047 024 010 018 030 019 014 001 007 002 020 014 006 032 026 030 022 027 043 024 039 027 001 006 033 004 034 034 021 024 031 021 003 025 018 009 002 004 026 004 021 001 019 034 001 025 033 048 044 049 032 045 013 013 026 039 037
