examples/trait_rand8.asc
ncols         25
nrows         25
xllcorner     0.0
yllcorner     0.0
cellsize      50.0

   -9.896      1.433      9.647      23.81     -6.239        -20.03      6.954     -2.368      2.918     -2.892         -9.49     -4.269      1.687     -4.706     0.9153        -16.82      5.199        6.7     -8.537     -7.726          4.33      9.981     -14.33    -0.7184      3.055

  -0.4905      1.243      1.741      3.449     -8.792         1.986     -0.868     -5.747     -2.099     -3.919        -3.829      8.315    -0.7794      7.111     -10.43        -4.744      1.938      6.813     -4.087      -9.46         2.024      8.113     -11.06     -4.409      6.529

    5.207     -8.639      14.97     -4.277      9.594       -0.8339      9.187     -12.44      6.123    -0.1188        -4.305    -0.4953     -7.744     -3.654      2.932         9.517      3.391     -2.015      21.18       5.98         10.85      7.572      3.372      6.326     -4.599

   -4.735      12.92      3.715       2.69      10.02         7.012     -2.744      13.55      6.739     -3.091         1.099    -0.8893     -2.177     -4.971      0.828         -1.62     -6.351       3.73      7.656       3.91        -19.63      7.667      5.985      7.719     -12.22

    2.892     -4.133    -0.5091     -3.223      -13.0        -14.04      5.105     -4.337     -6.364      4.365         0.782     -5.783    0.04995      5.194     -10.79         1.026      5.566     -3.867      6.873     -2.205        -2.419     -5.709      12.92      2.451      12.65


    2.773     -1.486      7.961     -13.52      18.61        -10.66      7.733      15.68      10.11     -19.17         3.812      11.75      3.934     -23.23     -4.527        -6.988      2.069      1.037      5.861      3.435        0.9607      1.202      3.422     -7.121       19.4

   -13.41     -2.467     0.8526      11.02      -7.61         9.357      5.378      9.082      4.147     -12.71         11.74      20.79      11.12      -2.33     0.6513        -1.294     -1.502      10.79     0.5837      1.343        -4.635     -15.41      3.657     -2.761      7.817

    18.84     -2.428     -7.353     -4.501      9.599         24.64      10.88      3.969      6.324      8.347         8.179     -6.675      12.88     -2.941     0.2305         7.416      6.002       14.3     -15.92    0.02134         6.397     -2.296    -0.4752     -9.902       2.51

   -1.521     -8.106      9.329     -7.226     -4.434         9.699      2.705     -13.99     0.3804     -3.304         9.766     -10.62    -0.8262      10.24     -8.973         15.48     0.8984      4.335     -3.174     -7.571         2.409      7.123      13.39     -5.141     -1.295

    1.067      2.083      12.39      10.53     -14.46         10.32     -4.514     -9.569      4.924     -12.33         15.12     -4.846     -11.89      1.356     -3.312         12.31     -2.823     -13.96     -1.898     -11.09        -12.28     -11.98     -4.522     -7.066     -10.43


    5.053     -11.68      4.766      4.496     -10.84        -14.73     -12.89       4.38     -3.546    -0.6904        0.6247     0.2212      7.747      2.814     -5.021         -8.94      2.426      8.553     -9.668      10.43        -10.54   -0.02016      6.655     -9.541     -21.12

   -4.638    -0.8803     -9.213     0.6773     -3.069         7.583      13.07     -1.347     0.0119      3.205        -3.764      2.086     -4.155     -10.77      17.03        -9.834      5.615      10.32     0.2538     -4.167        -3.193      1.689     -8.908    -0.4542      8.991

    9.162      -11.5      3.968      3.864     -3.184         5.938      6.718     -17.28     -4.033     -3.226         15.22    -0.6654       9.37     -1.063    -0.7319         2.957     -4.228     0.8376      -13.2      5.177        0.7058     -7.926      9.531      -5.85       11.9

    19.88      2.546     0.6225     -13.89      8.125         10.13     -3.023       -1.6      10.05      -6.89         -15.5     -3.912      -15.4      9.041     -1.934         15.52      4.809     -6.497      11.53      1.882         5.411     -3.043      1.905      10.27     -4.918

    9.615      6.433     -4.063      4.416     -2.738          15.0      19.37     -1.182      15.72      4.442        -6.727      16.74     -2.863       -4.1      1.699         16.13      8.302     -13.65     0.5013      3.596         18.78       10.3      16.74      6.191     -6.623


    1.377     -0.972      5.601        7.8      13.01        -2.975      1.022     -5.505      5.801     -2.496        -4.434      8.308      7.269      16.09     -1.646         -1.34       6.57      3.852      9.727     -2.109         5.622     -6.879     -3.246      14.38      9.905

    6.831      11.57    -0.7254     -2.072     -9.607        -2.678     -16.42     -4.496     -1.366      4.962         13.02     -17.48    -0.9609     -12.41      13.41         1.244  -0.006053     -4.158     -11.41      2.326         -15.5      6.282      1.844     -15.84      9.614

    3.575      6.344     -5.828      2.721      9.556         4.733      4.067     -4.644      7.914      5.721        -10.01      15.15     0.7076     -6.562      8.477         -11.2     -8.619      10.36      11.49     -14.82         11.81      7.708       1.55      5.068     -15.02

    32.63     -8.666      5.991      -5.21     -3.996        -8.935      7.376      8.573      15.23      -10.1         2.689      5.137    -0.5669      3.757     -4.281         19.68     0.8232      9.875      1.526     -3.295        -20.39     -6.912     -2.584      10.81     -3.294

   -18.27     -25.81     -3.525     -4.177     -3.894        -2.015     -14.28     -1.658      3.652      3.057       -0.4171      -10.6      5.417      3.434      7.683         3.208     -13.14    0.07024     -4.179     -5.643        -9.912     -3.233     -9.749     -2.425     -2.639


   -8.187     -15.67      1.667      4.643      12.09        -4.451     -5.659     -17.33     0.0669      -4.51         6.023    -0.9822     -4.143     -7.031      2.571         -2.42     -0.555      2.014      2.734      4.722         4.935     -2.651      3.032     -6.865      10.76

    7.764     -7.366      4.984      6.895      2.314       -0.1292     0.4951      25.99      12.34     0.3161        -4.857      3.412     -9.736       14.1      5.758        -12.13     -9.234     -8.991      1.303      -7.62        -3.941     -10.73     -8.624      4.074     -2.327

   -5.033      7.063      2.744     -8.487      3.673        -3.325      12.19      3.847     -3.267      12.38         11.96      2.608      9.972     -12.14      1.147         6.693     -8.421     -11.11     -7.086     0.1524        -7.178     -8.984      6.939      5.697     -2.941

    3.838      5.882      10.03     -2.631      7.197        -2.491    -0.2758      5.545      2.673      17.83          10.4     -1.998      4.822      3.133     -15.94         14.33    0.08955     -10.82     -14.21      3.948        -3.265     -1.882     -7.307       16.0     -3.777

    5.713      5.308     -2.271     -12.43      20.24         3.603       6.12      14.83    -0.4541      1.512        -16.19      10.64     -7.828      15.91      3.931        -14.16     -4.117      2.763      2.564     -5.075       -0.2873     -1.738       1.71     -2.867     -6.611
