examples/trait_rand3.asc
ncols         25
nrows         25
xllcorner     0.0
yllcorner     0.0
cellsize      50.0

  2.874    11.09   -1.234   -2.514     16.5      -12.35     22.3    9.604   -9.874    6.023       -3.34    15.54    6.059    4.758   0.6132      -1.971    -8.88   -12.24   -2.276   -9.284      -3.669    21.03    5.661   -3.582    1.786

 -6.698   0.9111   -5.665   -12.36   -12.12       1.325    9.938    14.18   -2.798    4.083       2.722    2.192   -11.52   -9.129    3.612      -3.071    -5.92    2.439    5.321    5.819       4.375   -20.37    0.934   -4.586   -1.548

  3.196   -22.51    10.99    5.488   -11.05       2.147   -8.138     -5.0    15.18    8.941     -0.1729    11.49   -9.638    8.299    -14.8       16.93   -1.414  -0.1609    11.62   -8.215       2.095    3.781    9.703   -4.222   -20.43

 -4.892    9.127    11.58   -5.667   -2.504      -8.344   -9.493   -15.89    -2.05   0.3413      -8.508   0.6099   -0.278    10.37    4.484       7.245   -1.858   -2.807   -4.236   -8.452      -9.006  -0.2873   -2.049   -7.563  -0.4889

   7.69     -1.7   -1.035   -1.159   0.6456      -6.021   -5.928   -4.686    3.113     2.83      -2.195    4.017   -4.448    1.981   -11.44      -13.69    10.13   -1.208  -0.6954   -19.04      -1.756    8.427   -1.359    2.089   -7.813


  6.937   -1.626     12.7   -5.324   -4.046       6.506    19.72   -0.597   -8.325    6.848       4.798    -4.59    2.124     11.4     9.67      -6.546   -16.19    2.901   -6.784   -7.249      -4.821    1.511   -5.603    5.509   -3.939

  7.373     2.41   -3.162   -5.426    -10.7       1.409    3.541    8.825    -11.4    1.766        3.36   -9.759    3.067   -4.348    5.431       12.98    14.69   -10.11  0.02364   -1.828       4.373   -6.523    -3.82   -4.428    9.466

  10.27     1.98   -1.142    3.844   -7.421       13.09   -7.654   -3.962   -13.54   -8.354      -12.83    6.007   -2.588    -1.05    3.025      0.4418   -8.061    2.634    7.495   -7.124      -1.876    4.535    1.674   -2.119   -4.454

 -11.68   -5.676    5.616   -10.13    2.036       6.159   -5.932   -8.873    11.28    4.418      0.3882    1.224    4.811    4.064    12.93       6.666   -3.251    -2.81    10.35   -3.534      -8.587    8.769    6.229   -1.705   -6.752

  1.926   -12.88    3.606    -6.69    12.12      -8.032      1.4    2.051   -3.418    4.373     -0.7094   -7.472   -2.307   -9.264    8.422      -2.036   -3.576   -3.373    7.964   -3.469      -12.13     2.37    7.713   -8.526    9.002


 -6.461    1.078   -7.011    8.996    9.205       14.18   -5.061   -7.457   -4.051   -6.535      -0.294    10.48   -1.256   -2.024   0.6448       9.455    8.972    14.28    2.064    20.53       1.867   -1.121   -1.669   -7.451   -13.43

  0.989    12.45    9.517     15.4   -4.371      -4.649   -9.407   -7.251    9.099    1.196      -4.455     0.44    6.791   -6.684     6.46      -5.313   -12.31   -2.594    16.51    5.273      0.4517     1.44   -7.562   0.6985   -16.47

 -3.134    1.963     9.25    8.612   -4.583       3.124    7.943    5.983   -4.879   0.3952       4.874    3.609    11.97     5.04   -4.618       1.693   -4.394   -6.615   0.1071    3.913      -3.103    2.583   -6.897    3.751   -6.171

 -4.315   0.3466    4.724    6.809   -1.662      -13.65   0.2972  0.08304   0.8481    -4.24      -8.761   -7.174    -2.13    6.614   -5.134       3.659   -3.605   -11.87   -10.76    13.66       -5.56    1.833    10.82    9.492     11.1

  8.956    3.353    7.205    11.35   -6.031       5.491   -0.222  -0.1423     9.34    2.659       1.542  0.06835    -14.7   -12.74   -6.336       -3.64   -2.948    6.171    5.234     -8.9      -3.618    2.069    1.301    8.461   0.2097


-0.3843   -3.703   -4.745    2.346    -8.84     -0.5656    12.18   -11.17   -1.019   -7.402      -6.921   -13.91    6.063   -5.853   -7.669       1.262    15.94    6.836  -0.6897   -12.28      -7.047   -12.12   -5.903    1.852    6.813

  11.48    9.121   -1.932   -8.438    1.483       1.829   -9.716   -10.11   0.1807   -2.258       11.42    9.348  -0.9265    5.418    2.574      -8.031    14.77    1.015   -15.75    6.243       9.816   0.4661   0.1578  -0.2327    -13.5

-0.9517     8.39   -14.07    6.821  -0.5416       1.344   -9.371    4.678    6.354    2.208      -8.978   -8.654   -5.195   0.4245    2.151      -13.87   -13.85   -10.48    4.223   -22.69      -11.98    3.297   -7.669    2.225    6.701

  9.496   -6.635   -3.321   -10.44    3.154       2.071    8.026    12.76  -0.5894   -3.151     -0.5802  0.06812    8.173   -5.756     1.42      -1.283   -16.97   -15.95    1.031   -4.687      -4.643    11.03   -5.031   -6.325     5.94

  14.81    7.929   -3.217    -4.72   0.9299      0.1855     2.12  -0.8055   -16.64  0.09838       3.394   -10.49    8.371    9.042    12.61       2.262    4.012   -2.468     13.3   -7.088       2.871   -11.16    -8.28   -3.242   -1.572


 -8.455   -12.56    6.672   -5.557    2.178        6.11   -6.839   -3.813    3.979    1.969       12.76    10.85    11.22    3.675   -1.295      -6.688   -10.17    -5.73  -0.2842   -9.653       8.818    8.934    -7.81    4.034   -5.597

 -10.44   -3.423    5.319    1.082  -0.7493       4.133   -15.87    2.538   -4.247    -4.38      -1.434   -13.67    7.193   -11.28   -10.94      -7.364   -1.765    10.43   -0.863    -16.5       12.44   -4.389     7.74   -10.65    2.532

 -3.158   -11.01    4.315   -3.257   -1.513       15.36   -7.144   -5.008    8.048   -8.886      -3.604    8.227  -0.4705   0.9956   -6.602       8.252    13.54   -2.672   -13.76   -4.062      -2.398   -2.161    5.433   0.3274    6.051

 0.1203   -3.065    5.833   -3.996    8.093      -17.31    13.35    21.97    3.022   -11.14       -11.2     15.3   -1.342    8.982    5.572       5.002    15.41   0.3767   -3.378    6.383      -7.801  -0.8062    25.39    14.95    2.057

  2.482    2.019    2.505   -2.445   -8.654       5.534    2.234     11.7   -2.136     -2.3       6.564    6.476   0.4306    1.114   -8.999       1.176   -2.394    10.63    1.901    13.13      -12.07    11.05   -11.58   -3.518    7.288
