examples/trait_rand4.asc
ncols         25
nrows         25
xllcorner     0.0
yllcorner     0.0
cellsize      50.0

  -1.579    -15.51    -12.05     6.107     8.993       -7.985    -3.274    -7.384    -7.047     10.68        8.241     4.274     11.85    -3.742    -3.615       -17.61     -2.76     5.643     5.819     7.526        7.076     6.118    -1.867    -2.517    -7.878

  -15.78    -8.055     15.04    -3.566     9.344         5.54    -2.319     3.745    -11.21       6.8        3.348     7.979     14.19     13.92     3.044        -4.69     4.556      5.64     10.57    -3.653       -12.44     14.05    -3.608     8.003     8.537

   3.447  -0.09794    -7.952     5.674    0.7762      -0.7475     5.407    -10.03     8.721      -7.5       0.5356    -6.081      1.92    -14.18    -7.561       -4.955   -0.1458     6.634    -7.879     2.796         2.71    -5.038    -13.45     5.014       2.0

   8.449     3.782    -2.406    -0.448       1.8       -10.43    -2.801    -5.714    -0.696     3.148       -8.409     3.425    -12.68     8.997    0.8775       -5.139   -0.1048    -8.372     7.866     8.368        2.152    -13.52      1.66    -2.781    -2.238

   6.425    -8.229    -7.468       7.3    -11.89        11.89     -3.41    -7.467    -3.725     1.354       -1.224    -2.333    -12.92     12.13     5.589        -5.82     7.608    -8.714     3.587     7.754       -1.942    -1.262    -2.791    -5.474     4.495


   -3.23     2.299    -4.653    -4.453    -1.089      -0.2936     10.95     2.262    0.3145    -16.65        1.067     2.949     6.648    -3.648    -7.312          6.9      7.83    0.2959    -5.915     7.883        7.486    -4.379    -8.565     4.744     14.18

  -5.728     1.016    0.7824    -3.647    -17.06       -7.754    -13.21    -22.36     5.952    -1.757        3.923     3.639     1.006    -16.88     6.031         4.14     9.099    -4.467     13.25    -8.413        8.825     -8.08     2.091    -6.141    -3.961

   4.994    -6.337     12.33     3.134    -1.542       0.8616    -13.81     6.566     3.148      2.74        7.656    -5.054     6.066    0.9109    -6.005       -19.44     5.313     2.581     7.711    -12.22       -14.35    -5.578    -2.987      1.98   -0.6363

   4.157     3.726    -8.893     -2.55    -19.39       -2.716    -7.619     6.762    -3.663     12.25         4.67    -13.09   0.04839    0.5767     8.142       -1.871     6.476    -8.486    -9.337     -6.47       -4.504      10.3    -14.25   -0.8353     2.499

   11.74     1.402      2.05     -5.99    -2.088        4.285    0.6029     13.73    -13.04     2.046        6.514      9.38     -26.9     14.49     1.619       -3.434    -4.769      11.8     2.174    -1.065       -3.543    -17.14     4.848    0.7224    -4.615


  -16.47    -2.606    -12.58     -3.48     1.009        13.54     11.29    -14.95     7.107     11.68        2.402     6.272    -2.992     -5.89    -3.783       -1.916    -7.046     -2.87    -4.792     18.54      -0.3434     12.18     4.129     3.044    -6.713

  -7.122     12.64     7.977    0.6411     10.59        4.209    -6.259    -7.952    -1.181    -5.483        11.45     17.48    -7.396    -2.956     3.417       -3.312    -15.61    -7.042    -18.81     4.638        9.892     10.84     -6.44      7.23    0.5471

    13.3     15.14    -2.266    -13.47    -13.29        1.617    -5.466     7.143     1.388   -0.3347        5.089     2.553    -3.373    -7.088     6.334       -5.502    0.2263     6.288    -11.91    0.6541        -7.03     10.45     16.93     1.407    -3.226

  -10.22   -0.6027     6.854     1.665     4.209       -1.298     6.747     18.08    -5.362    -3.585       -5.928    -1.393      -3.6    -3.748    -10.16        -10.3    -4.701     8.211     14.36     -3.34       -2.072     6.385   -0.5688     3.772    -4.494

 -0.5293      5.13    -4.015    -6.095    -1.685        3.815    -13.31     8.447     5.142     5.924        7.317     2.682    -6.602    -1.654     3.618       -13.16    -6.339    -3.582   -0.4412     10.03       -3.224    -6.366    -2.479    -1.775     3.956


   1.044    -8.263     6.882    -2.888   -0.2641       -17.61    -5.322     6.763    -17.39    -6.335        18.79    -15.89     6.576     0.212   0.07263       -9.761     4.089    0.5919     4.845     3.712       -13.76    -6.101    -5.359    -2.893    -3.604

   5.586     14.36    -5.791     4.643     3.242       -5.445    -5.173    -8.608     3.243   -0.6084        11.23    -5.969    -17.35     8.568     6.757       -3.308     9.591   -0.4366    -10.11    -0.419       -20.31    -4.626     1.678     3.061     1.643

   13.83    -7.467    -2.667     7.671     8.608       0.4081   0.02179    -7.042     15.29     1.815         3.12    -7.661    -1.328     4.954    -10.15       -4.636     0.738     5.965    -18.58    -8.274        7.821     3.819    -2.865     15.87    -1.682

 0.09662    0.9541     7.344     6.075    -7.344        1.371   -0.9964     1.763     7.622     1.897       -7.196     15.01   -0.4494    -3.916    -5.381       -6.292     7.668     7.862     4.902     6.856       -16.88     5.692     6.222    -12.62     10.14

   18.16     14.77    0.6606    -10.32    -4.079        3.436    -4.889     11.98     12.05     11.36      -0.3911     -1.06     3.793    -3.069     7.743       -4.049     22.88    -1.251    -5.413    -3.944       -2.512     -2.54    -3.987    -15.39    -11.57


   -10.9    -16.96    -1.469  -0.03545   -0.8447       -1.186     3.598    -1.857     -8.11     10.65       -9.719     1.474    -2.439     17.45     12.43       0.8151    0.6529     7.373     12.01    -5.823       -12.73    -6.845     10.83    -11.69    -8.777

   3.418   -0.3719     0.951    -2.576     21.23       -6.177     1.632     4.985     5.852     7.811        5.321    -12.89    -8.109    -7.557    -4.001       -7.444    -6.253    -16.29    -10.01     6.563       -2.102    -0.354     2.898      6.25     3.417

  -13.45    -3.005    -2.314     10.11    -2.697        2.844    -10.69     7.211    -8.566    -12.33        1.357      7.02    0.4309     3.873     6.903        -7.31    -5.613     5.589    -3.842    -7.545      -0.4186     11.59     15.34    -8.446    -3.494

   2.676     13.34    -7.546   0.05554    -8.791        -13.7     7.455   -0.2169    -8.195    -1.085        2.711    -11.89    -2.027    -2.747    -7.091         12.7    -12.93     6.078    -0.325     14.12        2.803     -3.75   -0.9819     10.53     3.385

 -0.2968    -7.383    -15.51    -2.975     -2.76       -1.442     18.91     2.482     5.625    -17.71       -4.576     11.44     16.63     12.25      3.29       -6.526   -0.5018     2.633    -3.248     0.898       -21.38     1.495    -6.095     3.624    -3.876
