examples/trait_rand6.asc
ncols         25
nrows         25
xllcorner     0.0
yllcorner     0.0
cellsize      50.0

    5.244     -11.16      12.07     -2.523     -7.222         5.973     0.1235       5.06      5.309     -6.165         7.686      1.055      1.925     -6.886      4.441        -4.961      3.318     -10.99     -1.336      2.536        -21.45     -2.311    -0.5708     -1.144      3.489

   -6.541     -2.089     -12.48     -1.804      6.068         1.371     -7.886     -10.22      2.325      4.705         6.463      3.084      9.647     -3.072    0.08498         13.29     -4.748      19.95       1.06      2.596         6.796     -1.503     0.8148     -6.169      3.031

  -0.5932      16.28      14.33     -2.439      2.862         5.807      1.743     -20.56      4.121     -7.158        -2.102    -0.5728      2.635      3.018     -9.947         1.214     -5.223     -7.264     -9.738      7.607       -0.2753       11.4     -1.868      12.29      13.18

   -2.026      5.621      -3.43    -0.8283      11.93         1.219     -6.303     -1.354     -2.792      1.921        -12.94       7.89      -16.7      10.05      5.394         -3.74     -8.992      7.868      2.675      -10.2         7.274     -15.81     -5.528     0.4912     -11.88

   -4.427      5.364      6.692     -2.745     -2.296        -6.959       7.21     -1.777      3.106     -2.482         9.307     0.2684      4.769     -1.589      4.051         5.382      12.31      4.265     0.5741    -0.1796         11.17      3.513    -0.1898     -9.234     -9.083


    3.802     -2.883     -1.632     -10.13      5.306          5.93     -11.59      16.91      5.616     -8.026        -9.868     0.9471     0.8286     -7.242      10.88         3.522      10.79      2.763      6.697      9.341        -3.723     -3.789    -0.2185       7.93    -0.5931

   -1.417     -13.19     -12.82     0.9209     0.2151        -5.787      7.757     -1.393     -7.211      12.43        -11.66      -2.21     -3.011     -6.528     -2.004         11.53      7.212       13.9      6.643      14.13        -6.739     -2.511     0.3426      3.298      1.013

     4.13      8.247      4.928     -3.171      15.58        -4.357        5.7      7.207     -14.36      15.14        -6.716      4.945     -1.539     -13.04      -6.71         22.71     -18.59     -7.594     -5.329     -5.288        -10.71     -5.049      6.142   -0.06877      11.36

    13.29     -1.776      -1.57     -10.24      1.771         5.525     -6.984      2.016     -10.42     -1.298        -11.49     -12.66      16.52      2.234      1.988        -4.832     -1.264      9.699     -4.489     -1.033       -0.8799       1.99    -0.4597    -0.2051      2.658

   -3.604      11.04    -0.4584     -6.498   -0.07295        -7.519     -1.378     -3.341     0.8339      5.068          -3.1    -0.5625      21.85     -8.187       17.9         17.39      5.316     -14.13     -3.057      9.448          7.71      11.29      1.512      11.17     -5.174


   -2.839      10.58      11.08    -0.3302     -15.38        -2.135     0.8386     -5.832    0.09353      6.031         7.088      1.968      4.388     -12.53     -8.806         -5.51      -6.64      6.015      1.162      3.354         9.146     -2.243     -7.722     -7.359     -2.176

    8.932      6.109      23.72      8.824     0.3535         4.655    -0.6682     -4.528       3.92       2.12         -11.3     -8.335     -1.741      8.117       14.0        -11.63     -3.225      7.038      5.554     0.4114         -1.44     -2.148      4.027       13.6    -0.7875

    11.27     -5.102      20.13      9.274      6.826         4.162      3.002      -13.8     -2.353      -6.23        -10.85       8.74     -20.63     -4.244      12.99        -4.225     -6.315     -4.933     -1.871     -17.87         7.369     -17.61     -3.551    -0.8686     -3.729

    4.931     -1.159      12.05      14.78     -1.145         1.902      3.381     -9.811      -2.87      1.865         6.661      3.736      6.054     -5.984     -1.641        -9.427     -6.569      13.59       6.47      -11.0         2.185     0.3869     0.5916     0.9801      8.833

    5.572      5.303     -17.59      7.223       7.55        -1.017      13.99     -4.904     -3.571      9.368        -8.956     -11.32     -13.49      14.53      8.898         8.208      6.887      8.182    -0.6206      7.384         5.792      4.323      -1.33     -15.25      -14.7


    7.866      4.597      5.249      4.977    -0.5164        0.6408      1.427      1.776      4.324     -3.347        -0.607      5.624     0.7212      11.62     -4.425        -2.429       8.04      11.22      7.688      3.277        -17.31      3.278     -9.459      2.672      -1.47

   -1.307       6.77     -16.15     -1.458     -20.18         2.502      1.566      9.343      8.782     0.3871        -14.99     0.9856      3.692      12.92      8.004         12.35       3.14      1.534     -6.134      8.536        0.1738      16.95      3.873      6.392     -1.777

   -9.439     -21.08       5.51      12.16      10.05        -5.973     -2.596     -2.345    -0.3995      14.28         14.05      17.28       19.4      4.041     -8.126        -1.577     -3.911      6.388      2.904       33.6         2.286      8.329      -1.23      15.45     -1.297

   -13.62     -10.48      6.122     -5.544      7.825        -13.09     -5.421      4.579      8.907     -2.479         13.28      2.216      -6.19      10.53      23.03          12.4      -13.1      10.03      2.408      7.015         8.575      2.261      4.861     -7.957     -5.093

   -6.165     -4.853      1.741       4.17     -4.427        -6.224     -9.554      3.708      11.47     -5.982         8.977      -15.4     -1.713      7.888     -5.472        -4.057     -5.083      6.013       3.65      7.931         -16.8       2.55      4.792     -2.864      1.121


    1.483      4.871     -8.521      2.554      7.704        -3.136      -10.6      21.63     -6.397     -6.014         1.827     -4.208      4.064   0.004483      7.342       -0.1497     -10.09      6.826      12.06      5.395        -13.94     -6.299     -7.481     -1.398     -4.096

   -2.554      2.268      5.081     -16.36     -2.872        0.7668      1.147    -0.2146    -0.3274      3.866        -11.67      7.935     -5.418     -4.182     -3.593         11.57      -13.3     -5.955       -5.9      9.978        -5.267      8.624     -14.35     -9.914     -5.043

   -1.992      6.339     -12.25      1.799      -11.1         10.25      1.996       -1.4      8.545      4.846       -0.3986      11.93      1.732     -10.18      6.928          2.89     -16.29     -1.122     -9.904    -0.7611        -4.835     -2.446      5.911  -0.008103      12.03

   -3.491     -5.418      3.284     -2.829      1.256        -10.24      4.666      23.18      8.279     0.8896         1.363     -10.13      4.554     -5.752     -15.58        -10.22      8.465      -1.41     -8.282     -6.628         10.81      7.919     -2.293    0.04282      -7.26

   -13.78     -15.36      2.125      1.613     -1.599         8.857      8.262     -2.751      -3.51     0.2778         5.528      3.433     -14.28      7.379     -1.853        -6.901     -19.31      2.452     -9.947     -1.672         11.68      4.152     -1.208      4.644      2.026
