examples/trait_rand2.asc
ncols         25
nrows         25
xllcorner     0.0
yllcorner     0.0
cellsize      50.0

  -3.543     1.082   -0.8707     6.487     10.05        2.047    -2.646     -10.3     14.37    -14.86       -8.775     1.126     4.901    -13.43     17.03        5.675     5.361     8.872    -3.784     4.302       -5.276     3.658    -14.07    -2.943     2.464

    4.99     3.791      1.72     9.467     9.023         17.9     4.648      2.25    -13.16      4.71         1.16     3.523     1.269    -8.084   -0.5647        4.867     -1.05     8.151   -0.4499      3.06         -2.4     1.717     -11.2    -17.13    -6.907

  0.6784     4.572     4.847    -6.563     4.147        1.591    -13.62     5.611     10.29    -10.72        13.74   -0.3606   -0.1209     5.821     3.944       -13.53    -14.98    -4.498     2.435    -15.84        24.06     15.76    -7.116   -0.7296    -12.36

  -2.201     7.139     4.382     18.84     1.208        -1.99     7.392     7.016    -0.969    -14.56       -7.702    -2.469    -4.181    -14.91     3.276       -3.938    -3.018     2.897     8.878     1.104      -0.2892     11.49    -13.46     9.332    -1.789

  -10.58     -11.3     10.84   -0.8532     3.372        6.948    -18.57     -1.83     2.813    -7.619       -3.746     9.026     10.02    -5.998     5.581        13.86     8.936     4.296    -8.379     -10.9      -0.8404    -6.898     10.53     7.042     9.334


  -2.795     4.233     10.67    -2.047     11.11       -13.59    -16.95    -3.883    -11.33    -10.93        3.181   0.01158     3.903     8.163     4.179        6.819    -5.992     10.38    -14.63     -5.74       -4.486     2.042    -12.62     2.447     10.72

  -7.771     6.056     4.642    -4.056    -12.09       -7.128    -1.763     14.67     7.079    -5.798         2.93     3.193     3.556     -4.08     2.446      -0.4422     7.707     -9.34    -6.819   -0.7073        -2.22     6.446    -1.273    -10.94     14.09

   8.438    -7.599    -8.531     5.272     11.58        -3.97    -3.481    -5.216    -14.61    -11.08        12.09     2.414    -21.96     5.015     3.692       -8.754    -11.12     5.646    -5.753    -16.75       -7.926    -2.983    -4.751    -2.408      3.47

  -8.501     9.232     2.097     4.073     14.49        3.922     -4.37    -17.07     -1.26    -3.659       -3.564     8.939      4.43     -5.03     7.697        4.902      8.02      10.6     4.005     2.549        1.552    -15.51     8.447     4.322     11.11

  -10.38     16.93     1.867   -0.6266    -1.009         1.62     -1.99    -10.27     6.056    0.3293        1.778    -5.325    -14.12     1.445     3.188       -7.934     -4.02    -19.13    -10.18    -4.931       -5.904    -11.01     1.855    -5.605    -5.447


  -2.026     2.391    -3.979     4.459     6.261       -8.721     7.938     9.437     1.884    -4.329         10.7     3.043     8.869     9.775     2.849         7.73    -2.884    0.0759     9.064      3.02        10.35    -6.009     4.284    -4.989      11.3

   5.726    -8.373    -4.242     10.23     3.892       -6.934     8.903    -4.211      2.31      4.57       -9.038     8.358    -9.344      8.25     5.851       -1.519     3.405     7.297    -10.51    -9.679        3.323   -0.8968    -11.89    -3.993     8.913

  -7.865      5.22    -6.515     7.112    -5.116        -2.63    -7.005    -7.759     4.089     8.483       -8.266     3.508    -10.87     12.97   -0.2138       -5.362     9.525      3.25     7.844    -8.605        3.838    -3.138     7.435    -14.29     -1.13

   17.17    -10.97     3.718     0.772     12.53        5.542     9.794     9.603      8.44     9.122        10.28    -2.471     1.017    -1.062    -14.54        4.444     6.476     2.596    -11.66    -1.214       -9.809   -0.6702    -6.261     1.757    -1.919

   -1.93    -9.764    -11.94     3.868     6.165      -0.6038    -7.557     1.634     8.242     10.39        1.975     12.55   0.01631    -1.798    -4.131       -3.708     8.166     -12.6    -7.667    -10.78       -1.521     2.936    -12.29     17.21     10.43


  -8.917     6.406     7.116    -6.731     3.974       -2.481     0.307    -7.544   -0.8431    -3.102        -12.0   -0.7396    -3.248    -10.09    -0.497        7.794    -6.209    -9.406     2.754     2.108       -3.346    -9.387    -8.714     9.761    -1.154

   2.387   0.04874     -10.9     10.39     5.914       -0.182   -0.1604    -6.129    -11.15      16.1       0.5673     -3.92   -0.7429     13.76    -1.564        7.569    -2.542    -5.439    -5.565     3.964       -13.87     13.09     6.261     1.631    -3.444

  -1.395     10.01    -2.752      9.73     15.77       -6.575    -12.38      3.61     13.02   -0.4717        3.133    -8.143    -6.084    -3.515    -16.13         3.09     3.454    -1.372    -2.137     9.398        4.416      7.59     4.065    -7.252     10.57

   4.367  -0.09742    0.7216     10.43     2.009      -0.4981      -2.2     3.638    -4.584     2.532        9.226    -7.606     7.462    -5.007    -10.78        1.687    -6.823     6.874     5.456     14.93        5.533    -2.771     15.33      10.4     4.938

   16.21    -8.603     12.19    -4.128    -1.057       -11.97    -16.31     9.918     7.811     5.504        7.394    -7.293    -5.679    -2.822    -2.592       -3.371    -7.977    -5.567    -4.564    -4.015       -5.768    -6.834    -1.843     5.231     4.789


  -3.239     -2.33     -1.75     13.62    -6.103        0.251     19.51   -0.8352    -1.973      3.37       -2.059    -7.852     6.389     11.28    -1.438       -10.33    0.5165     1.155    -7.931    -1.887         4.27    -18.51     0.894     7.483     4.353

  -4.746    0.9719    -2.577    0.9512     9.646       -5.097     2.141    -11.37     -12.0     11.35       -10.17    -3.207      5.45    -6.076    0.3508       -1.201     -2.92    -3.201     1.846    -5.966        9.327     2.437    -6.351     11.37     -12.7

  -1.483    -4.816       5.5    -3.205   -0.5046        1.816     7.506    -15.03     9.862    -3.157        4.879    -6.099     2.383    0.6872     17.47       0.1133      6.08     3.562    -3.076    -10.75      -0.9983     6.358    -10.42    -21.51    -11.17

   -17.5     2.203     1.383     5.976     -4.38       -7.273     10.98    -10.97    -5.998     4.314        -14.8   -0.5616      10.1     14.67      -8.6       -7.959     4.686     7.409     -9.03     14.23       -2.052     7.003    -6.363     5.896     4.631

 -0.2645     10.54     5.992     15.58     15.79        2.534    -5.299    -11.41     -7.14    -7.558        3.444     1.759     7.719     7.279     5.677        -3.72     1.008    -1.719    -3.144     5.402       -8.328    -5.161     8.162    -12.89     6.473
