examples/trait_rand1.asc
ncols         25
nrows         25
xllcorner     0.0
yllcorner     0.0
cellsize      50.0

   12.13     32.55    0.6387    -7.922   -0.5406        2.809    -7.073     4.123     -10.9     1.896      -0.1877    -3.911     5.597    -16.62     9.746       -11.67    -10.26    -8.507     -8.43     18.52        15.01    -4.921    0.5877    -5.856    -5.981

   11.03     4.116    -21.19    -5.113    0.3814       -6.687    -3.355     1.841    -5.487    -3.778       -14.43     1.314    -6.343    -1.523    -3.188       0.9638    -8.101   -0.8727    -12.19    -3.563        0.755    0.6094     5.187     6.503     4.636

  -5.031     7.788     6.787    -8.811     7.721       -3.554     8.394    -12.62     2.463     18.05       -17.34     4.088     2.579    -19.53    -9.763       -4.063     4.518     5.956    -7.131     7.855       -13.22     12.38    -0.632     6.657   -0.5479

   18.08     8.421    -3.957    -1.059     -7.37       -2.688   -0.3916    -10.81    -4.117     5.918        -3.82    -5.117     16.83   -0.6691     6.762      -0.7566     5.205    -4.599     5.802    -1.119        13.26    -3.922    -10.35    -1.352    -3.832

   14.88    -1.437     14.36     1.806    -19.87        6.732    -5.847   -0.7386    -1.804     12.21      -0.9549     2.195    -14.41    -14.33     16.76        -6.03    -5.323     5.942    -4.716    -11.72        14.04     6.495     0.572     2.372     4.951


   6.284    -5.268    -5.454    0.7865    -6.965       -1.839     2.009     6.576     6.156    -8.647        6.712    -5.734    -6.684     10.57     2.728        16.53     5.647    -0.557     5.758    -7.905        10.73     1.356    -7.615    -4.963    0.4587

    3.23    -3.444    0.6275     13.24     4.442      -0.2016    -4.616     3.486      4.08     9.878        10.56   -0.4065    -1.833     0.921   -0.8175        8.837     2.064    -9.508     6.494    -9.426         4.05   -0.0983    -7.967     1.916     1.631

   -4.17     8.551     4.273      5.15    -4.129        2.049     14.47    0.2743    -9.278     10.92       0.9692     16.92    -12.64    0.6347     11.51        7.939    -3.179     2.856     9.991     2.477       -13.62     6.024     10.43    -4.969    -11.79

  -15.03     24.18    -10.53     7.483     12.33       -2.661    -1.798     -1.65      4.16    -1.579       -24.53     14.87     -4.39    -1.811     -12.7        -2.32   -0.9231     1.537     2.752   -0.8143        10.58     2.572    -11.38     3.028     2.805

  -12.07    -2.704    -18.18    -5.494    -2.396       -9.433   0.01938    -3.847    -5.423    -6.764       -8.348    -2.087     3.757     12.64   0.04038       -3.157     12.33    -5.126     8.872    -7.091        9.242    -2.266    -17.26     -5.33     2.236


 0.03368    -1.941     13.33     10.68      9.78       -12.08    -6.662     -2.58     3.141      17.4        12.14     6.175     10.41     9.755    -2.639        4.545    -6.198   -0.9656     2.199    -0.657        4.915    -24.71    0.1988    -8.822     7.026

  -8.031    -4.215     9.876    -2.179    -11.61      -0.9052    0.5326    -13.53      7.22     7.915        16.52     1.381    0.5557    -18.44    -3.916       -3.174    -3.115     11.49     7.427     12.55        2.469    -8.558     5.612     2.924    -8.805

  -10.29     2.082     6.068    -4.482    -15.52        11.21     5.742    -11.44    -7.354      -9.2      -0.5127    -8.013     8.781     5.148      7.08     -0.06999     10.75     -4.77    -1.538    -11.13       -14.85     6.585    -12.19     2.817    -19.58

  -6.873    -9.892   -0.9599    -3.393     16.37        -13.4      7.67    0.7564     15.09     4.633         3.98    -4.696     17.91      12.6    -4.276       -10.28    -5.191     2.928    -6.678     9.314        3.203    -6.571     8.949    -10.18     1.493

  -5.194     10.91     0.926    -6.112    -1.151        15.37     7.491     3.845     3.385    -6.259       -1.928    -8.762    -3.053    -4.321     4.537       -2.505     1.015     3.497    -3.043    -5.733        4.874    -5.441    -3.138     5.897     2.072


  0.8353     12.42    0.1434     5.556   -0.2331        -1.29    -2.399    0.9784     3.785    0.2384       -17.16    -10.23    -11.87       2.0     9.266       -2.396      7.08     2.772      2.86    -3.488        8.814    0.5388   -0.7182     12.13    -16.52

  -3.862    0.1735    0.8115    0.7521   -0.4272       -5.678    -2.241    -2.027    0.3635      8.36       -6.862     10.02    -4.748    -2.496      0.53        10.26     -12.2     3.249     12.67    -12.37        3.799     6.572     6.441    -3.717     11.16

  -14.03     14.36     1.764    -4.986    -5.738        -5.82    -3.482     14.17     10.35     14.41       -12.78    -5.031     4.314    -26.75    0.5202        6.624    -9.357     6.838    -13.88    -7.215       -5.727    -2.673    -4.901     7.651     0.709

  -11.13     1.197    -5.799    -2.705     11.63       -15.45      9.14     6.762    -16.36     -3.83       -8.673     12.29    -4.889     5.849     5.782        3.463   -0.7526    -3.614     8.835     8.095        7.604     10.08    -6.209     22.02     18.82

 -0.1625     6.225    -7.028    -19.54   -0.8126       -1.081    -9.921     5.071    -5.149    -9.549       -2.586   -0.6804    -6.242    -4.646    -3.723       -2.975     3.075     7.099    -2.131     1.627        4.863      5.41     8.047     1.846    0.3038


   2.873     3.565     13.18     4.452    -4.457         8.15     13.04     1.486    -2.369  -0.09451       -7.992    -8.194     1.054    -2.468     10.78        7.654     11.31     4.173     7.106    -6.619       -3.807   -0.2798     5.184     11.53   -0.9267

  -17.25    -12.87    0.8516   -0.3011    -5.313        7.822    -2.684    0.4267     -14.3    -7.524        4.944    0.6773    -1.224    -8.767   -0.3998       -9.284     5.292     1.916     9.502     1.796        1.743     1.401     1.156     4.219      1.29

   6.245    -10.24     2.183     19.39    0.1251        9.045     5.772     10.79     6.286    0.7559        14.34     5.432    -1.356    -2.373    -11.18         3.31   -0.7911    -13.18     1.419    -9.508       -0.654     9.271     3.492    -11.05    -11.84

   0.725     5.229     9.721    -1.457    -5.707         9.86     7.495    0.6153    -9.261     4.579       -4.221    0.1278    -4.857   -0.8845     6.354       -3.648     1.241     5.384    -1.548     16.88        11.95      1.17     -2.24     8.033     2.915

   8.769    -1.315    -4.745  -0.05446     6.118       0.7032    -1.351     1.513      5.19    -10.69       -7.563     -4.27   -0.5215    -11.83     7.891       -22.01     10.47    -4.299     10.47    -1.346        -5.01   -0.8461     2.252     2.705    -2.427
