examples/trait_rand7.asc
ncols         25
nrows         25
xllcorner     0.0
yllcorner     0.0
cellsize      50.0

   1.115     11.72    -2.952    0.6243      8.27        4.072    -25.07    -1.196     -6.45   -0.3031        2.644    0.7251     10.18    -10.27    -7.876       -11.54     7.223     8.078     4.838     -1.17      -0.8652    -5.053     3.447     15.16    0.9967

   3.758     8.158    -4.212     5.046    -1.321        8.364   -0.9756     -4.12     12.69     3.881       -1.484     9.636     -5.51    -9.739    -1.878        8.161    -11.01    0.5769     5.278     6.624       -3.245     2.098     9.069    -2.865      2.79

   7.463    -8.268     1.269     5.218    -14.92         8.49    -8.667   0.03702     11.54    -6.164       -3.249     2.021      6.78      15.8     14.67       -11.67    -8.297    -18.94     2.213     12.77       -2.548     -2.78     21.48      8.05     8.623

    7.68    -5.913    -7.182     3.315     4.458       -26.45     2.542     3.484     2.644     10.29       -4.972    -15.74    -5.839    -10.21    -10.34        4.133      7.55    -3.932     13.42    -4.586       -11.54    -10.09    -4.162     4.678      1.65

   2.053    -10.06    -8.503     2.374      7.27        -13.1    -5.362     14.15    0.3407     13.57        6.595    -4.342     5.259    -5.621    -5.205        9.214    -2.077     5.278    -3.756    -16.05       -2.889     4.603     12.93  -0.07435   -0.4697


  -10.05    -5.235   -0.7868     4.071    0.5313        8.293   0.00482   -0.5331   -0.6428     12.31       -7.105    -15.34    -11.43   -0.2819    -10.19       -1.434     13.92     15.13     10.46   -0.9189       -0.667     9.277      8.28    0.1442    -8.695

   5.859     15.04    -2.104    -7.815    -4.626        12.53     12.59   -0.8732    -5.819     15.24        15.29    -7.367     3.652     2.714   -0.6009       -8.505   -0.6182    -6.678     0.771     21.84       -1.575    -5.935     2.801     7.142     2.097

  -7.927     6.439    -5.117     -6.64     10.34        2.737  -0.06977     8.008     6.916    -3.105        1.515    -11.29    -2.724     8.292    -4.073       0.1432    -9.003     4.431     1.332    -2.308       -5.239    -3.201    -2.659   -0.7466      2.53

   1.328     -4.42     9.439     9.082    -2.013        10.69     9.127    0.7165      15.6    -15.47       -6.374     3.472     16.05     21.38     1.949       -2.522     9.628     6.128    0.9943     8.267        2.498    -7.628     2.368   -0.9778     19.06

   5.618     1.789      7.95    -10.43    -13.12       -2.053    -8.049    -2.217    -1.616     7.831      -0.6912      6.28      11.9    -4.559     -8.63       -12.88     2.757    -4.378     1.554     2.115       -2.204    -2.308     5.775     3.507     4.552


  -14.84    -21.79     10.84     2.142   -0.7172       -11.27    -1.594     -1.71    -1.458     -7.65       -2.239    0.2446    -2.139     2.108     1.505        9.331    -10.12     2.989     5.437      7.81       -23.13     9.363     2.194    -2.098    -10.25

  -10.03    -4.173    -3.909     0.819     4.335       -2.619    -13.85    -12.49      3.13   -0.6538        8.736     8.528    -3.692     4.933     5.572        6.438    -4.681    -6.798     6.087     6.684        -6.82    -13.27     21.55    -14.14   -0.9443

   2.414    -12.51     3.311    0.9447   -0.4552         4.44    -1.541    -1.322    -9.652     9.126        6.104     9.466     1.979    -1.759    -12.19       -12.17    -16.03    0.2836    -11.21     4.179        1.325    -13.12     4.531     5.512    -8.508

  -3.124     14.89    -3.485     -2.05    -6.744       -9.752     4.543   -0.4121    0.3106      17.8        2.828     8.529    -4.937     3.356     14.11       -10.98     2.376     -10.4    -1.572   -0.8826       -1.482     13.32    -6.118    0.5348    -17.12

  -1.578     4.238     1.048    -5.018     1.775        4.363      8.25     2.168      4.16     9.347         10.0    -8.871    -9.087    -6.731    -7.433       -1.083     3.047     4.582    -11.04   0.05232      0.07842    -2.572    -5.874    -3.835    -1.728


  -4.916    -5.096    -6.255    -5.956      8.71       -6.959     18.56     4.572    -3.174    -16.19      -0.6497     7.969    -2.677     7.164    -16.27        1.612      3.13    -1.753    0.2606     1.484        9.532    -5.403     -7.31     9.038    -1.394

   3.091   0.09659    -12.25     2.319     14.43        -7.76      15.6      11.7     10.57     9.837         1.98  -0.09523     5.147    -2.716     10.47         4.48    0.9331     10.37     8.157     12.99        5.536     -2.62     23.11    0.2276    -3.334

   1.523     2.201     3.446    -11.12     0.274      -0.9496     -13.3     -3.91     3.259     7.009        11.76    0.8078     1.901     -3.35    -6.095        7.155     7.524    -14.67     9.015     -8.17        17.54   0.05055   -0.3116     17.02     1.097

  -12.02     7.461     10.31     9.531    -13.59       -4.443     12.83     21.44    -4.341     6.395       -2.556   -0.4989    -5.525     1.214     9.153       -6.771     9.452    -6.718     21.65    -7.798        7.066     3.845     -6.85    -6.845     18.33

  -5.285     5.341    -4.397   -0.3756    0.7847        2.075    -10.25     17.57    -3.828    -4.386     -0.01746    -12.65     19.34     3.038     18.84        7.021     13.87     3.218     6.995     1.619        1.512     9.944    -6.424     -14.9     2.763


   5.588      10.5   -0.8695     4.268    -1.494        6.513  -0.04764    -6.747    -2.973     -9.23        3.095     3.074    -7.214    -10.08    -19.34       -6.652    -1.642     -2.78     2.631    -7.692       -1.326    -4.609     10.45     2.746    -1.218

   2.588   -0.8742     6.359     9.743    -6.839       -8.859      9.98     16.34    -6.553    -5.904        8.688     4.312     -3.21      3.25     -9.47       -6.316    0.3139    0.6854     2.067     2.643        2.717    -5.878    -2.993     3.642    -1.788

   9.662   -0.0319    -11.13    -12.26      2.35        3.446    -12.05    -7.975    -2.041   -0.7545        2.645     5.133    -2.628     -5.83     5.953        -4.69    -3.139    -4.638    0.9255     17.42        5.031    -11.99     7.047    -7.873     5.485

   19.75     -23.4    -14.68    0.5147    -2.867        6.125    -6.406    -4.833     8.353    -16.89      -0.5742     3.492     15.43     6.743    -6.782        5.336    -1.931   -0.5402      4.92     8.587        13.17     7.049     11.56   -0.1652     -8.26

  -17.24     19.63    -4.659     1.031   -0.1344      -0.6002    -2.341     3.265     1.007     10.11        9.959     4.448    -5.753    -2.965     9.399        14.08    -6.783    -1.835    -2.318     6.546        2.615     4.246     2.798    -1.972      1.73
