examples/trait_rand5.asc
ncols         25
nrows         25
xllcorner     0.0
yllcorner     0.0
cellsize      50.0

   -1.117     -17.47      1.481      12.65     -2.502        -1.266     -2.795     -10.93     -3.612     -1.217         4.503      6.536      11.22      2.029      10.32        -10.26      2.592     -4.426     -6.813     0.5001         2.325      4.269    -0.2363   -0.01945      13.47

    13.21      18.85     -4.849     -21.68      13.42         -4.66     -1.569    -0.1897     -5.776     -4.761        -2.656     -2.229      1.841     -14.65      10.04        -10.37      5.923     0.6621     -17.33      6.283        -10.79      13.47      9.649     -9.308    -0.9107

   -13.26      2.532      -8.31     -12.04      2.012        -4.103      1.615      6.863      2.693     -3.246         7.073      2.877     -13.25      12.13      15.66        -17.14     -3.328      3.747     -14.93   -0.02289        -1.274      2.683    -0.3102      2.127     -13.81

   -11.23      1.764     -9.813     -7.021     -19.22         5.222      5.694      4.294     -8.845      8.408         10.79       3.69     -16.02      5.131     -1.642         9.803     -5.307     -14.93     -7.984      10.88        -4.055      4.966      3.664      7.161      8.617

    8.268     0.2588      4.628     -1.524     -17.16         7.358      13.16     -11.65     -18.16     -11.59        -3.393     -1.612    -0.1597      5.347      9.906        -3.922      14.56     -3.948     -15.89     0.4524         8.449    -0.3943      13.94      4.632     0.1851


   -5.451      3.113    -0.2303     -4.239      8.028         0.991     -10.84      8.918      2.019     -1.414         2.817      11.64     -11.28     -10.14       -9.7         6.443     -3.548     0.3375     -2.731      10.84         3.596    -0.8065       13.5     -1.985      6.298

   -7.511     -17.41    0.03122      20.14      2.993        -4.028      5.283      15.34     -6.576      4.616         4.292     -2.864     -4.599       -6.5      5.288       -0.5672      3.396     -11.06     -5.974      4.304         9.969     -18.09     -2.282      4.608      3.501

   -7.352   -0.08128      21.89     -3.353     -7.833         3.458      11.76      17.35     -1.699     -11.62         5.735      7.179      8.735      6.573      1.431         7.346      6.533      5.463     -1.591     -5.201         -4.84     -6.083     -8.726     0.1689     -19.63

    -4.83     -1.485     0.4187     -9.202      8.736         12.42      4.934      19.86      2.253     -5.376         1.264     -1.804      9.973     -11.07     -7.173       -0.9402      -12.6      8.283     -11.24      12.13         -12.7      12.76     -2.905      9.751     -19.89

   -1.489     0.4448     -5.657        6.2      2.887        -9.278    -0.6266      1.311      7.428     -8.099       -0.9582      9.129     -3.762    -0.9316     -4.453         4.146      12.53     -1.789     -6.579      1.629          13.6    -0.4499     -25.23    -0.8796      11.84


    3.141     -6.143    -0.9937     0.1082      -8.82        -5.891      3.063     -4.195     -2.454       6.36        -1.615      3.083      20.98      3.746     -8.641        -8.931     -6.185      4.875      1.544      8.738        -4.003      4.378       8.49      12.37      6.736

    5.916       7.25      -14.6     -9.009      2.422        -8.403     0.7259       8.49     -14.16    0.08144         -13.9      5.929      4.914     -6.565      1.448         6.805    -0.1377     -6.683     -5.515      6.258        -2.325     -3.399     -8.289     -23.87     -5.441

    7.629      4.809      6.274      3.598     -5.168        -11.86     -0.231      8.013      10.22       1.25        0.7766      1.571     -1.566     -7.599     -3.017        -5.272      9.984       4.66     -14.58      4.603        -12.84     -11.17      1.514     -2.088     -5.731

   -10.81     -11.44       9.16      3.831      2.556         3.089     -8.451     -1.206      3.511      12.46        -8.018      5.724      6.148      19.92      1.308         19.16     0.1995     0.3651     -7.849      16.83        -6.189     -10.18     -1.105      8.017      -8.38

   -2.668     -3.235      -1.48       15.6      -3.98        -12.76      14.46      0.866      3.926      6.428     -0.005838      2.574     -9.461       2.31       13.9        -2.924     -2.455      2.551      6.676      6.133        -6.525     -8.374      2.404      2.529      12.53


    8.547     -1.524      7.445       11.6      4.215         19.57     -3.751     -5.652     0.8776      1.478        -8.724     -4.036     -2.849     -6.201      3.719       -0.4743      2.419       4.47     -5.728      1.324         6.587    -0.2513     -10.41      11.02     -5.764

   -4.824      3.746      6.553     -4.075     -11.73         0.494     -1.073      3.472      2.977     -2.614         6.048     -5.701      3.203     -8.647      7.396         5.724      1.508      6.527     0.5603     -2.196        -10.61     -1.632     -8.734    -0.8051      7.888

  -0.9258      10.38     -4.045      6.749      5.737        -10.26     -10.23     -3.198     -9.749      1.279         6.536    -0.6249     -7.153      7.613     -12.05        -12.53      5.482      3.009      6.322      6.522        0.9003     -10.25    -0.5529      4.257    -0.2807

   -2.503     -4.488     -5.818     -10.11      12.09        -1.649      2.519      9.628     -1.856       4.59        -1.758   -0.04145     -1.493     -1.103     -10.49         8.878     -3.262     -5.497      8.395      -27.4         4.862     -6.066     -9.142      3.045      5.886

    -7.27      18.74     -2.659     -1.214     0.3323         1.492     -15.56     -13.64      11.73     -10.84        -5.336     -2.806       1.92     -12.86      1.091        -9.399      -3.02     -4.323      4.982      21.42        -3.389      9.142     -17.23    0.03965     -9.412


   -1.093      8.218     -10.04      -1.78     -5.016        -15.01     -3.647     -6.593     -10.86      11.21       -0.1119      2.798     -3.023     -6.801      5.341        -4.366      1.693     -7.032     -8.823     -11.94         10.06      3.719      4.815      12.79      1.373

   0.5964       2.47     -6.957     -1.613      5.912        -17.41    -0.1207      11.78      5.412     -1.929         4.631      4.339      12.23     -9.014     -9.546         7.129     -3.388      3.327     -10.18      5.276         6.673      15.08      6.223      8.784      3.337

     8.47     -19.62     -6.412     -11.54     -6.609        -3.391      -4.19      18.41      2.423     -7.709          4.09     -10.25      -23.5      6.757      -1.57         4.309      6.036     -1.802      -6.88      8.453         7.246      9.512     -9.887      9.487     -1.966

   -2.506     -1.055       0.34      3.819      10.39      -0.04549     -4.837     -2.859      6.396      9.886         3.434      2.854     -3.641     -2.951      13.35       -0.5067      5.113     -8.336     0.2965      6.092         2.793     -2.349     -15.51      21.74      2.225

   0.8487      2.931      -11.1      2.065     -5.174         2.738      15.19     -2.577     -3.761     -8.612         4.954      8.501      9.365     -5.895      14.27         1.772      -9.87      1.699     -2.567      25.66         3.196     -3.817     -4.168      2.049      7.451
